transaction_id,card_id,transaction_datetime,amount,currency,merchant_category,transaction_type,country_code
1000001,K000001,2026-01-09 00:00:00,3337.8,CZK,Other,Purchase,CZ
1000002,K000001,2026-04-25 00:00:00,1011.26,CZK,Restaurants,Purchase,CZ
1000003,K000001,2026-01-08 00:00:00,1564.78,CZK,Other,Purchase,SK
1000004,K000001,2026-05-17 00:00:00,2782.55,CZK,Restaurants,Purchase,CZ
1000005,K000001,2026-04-07 00:00:00,9679.36,CZK,Travel,Withdrawal,CZ
1000006,K000001,2026-01-23 00:00:00,9403.5,CZK,Entertainment,Withdrawal,CZ
1000007,K000001,2026-03-22 00:00:00,294.45,CZK,Healthcare,Purchase,CZ
1000008,K000001,2026-04-04 00:00:00,927.46,CZK,Other,Purchase,CZ
1000009,K000001,2026-03-17 00:00:00,2425.79,CZK,Groceries,Purchase,CZ
1000010,K000001,2026-03-21 00:00:00,3987.55,CZK,Electronics,Purchase,CZ
1000011,K000001,2026-04-07 00:00:00,3320.14,CZK,Electronics,Purchase,CZ
1000012,K000001,2026-01-14 00:00:00,3341.47,EUR,Fuel,Withdrawal,PL
1000013,K000001,2026-04-19 00:00:00,4215.1,CZK,Electronics,Withdrawal,CZ
1000014,K000001,2026-05-21 00:00:00,3175.55,CZK,Travel,Purchase,CZ
1000015,K000001,2026-02-11 00:00:00,1199.77,CZK,Electronics,Purchase,CZ
1000016,K000001,2026-01-03 00:00:00,2729.36,CZK,Healthcare,Purchase,CZ
1000017,K000001,2026-02-13 00:00:00,-400.28,CZK,Entertainment,Refund,CZ
1000018,K000001,2026-02-08 00:00:00,519.27,CZK,Fuel,Purchase,CZ
1000019,K000001,2026-04-07 00:00:00,3281.87,CZK,Other,Purchase,CZ
1000020,K000001,2026-01-31 00:00:00,2691.73,CZK,,Purchase,CZ
1000021,K000001,2026-05-27 00:00:00,8046.27,CZK,Healthcare,Withdrawal,CZ
1000022,K000001,2026-02-02 00:00:00,8691.0,CZK,Groceries,Withdrawal,CZ
1000023,K000001,2026-05-18 00:00:00,2359.65,CZK,Restaurants,Purchase,CZ
1000024,K000001,2026-02-23 00:00:00,2416.46,CZK,Entertainment,Purchase,CZ
1000025,K000001,2026-02-02 00:00:00,2271.86,CZK,Restaurants,Purchase,CZ
1000026,K000001,2026-04-04 00:00:00,-1333.41,CZK,Travel,Refund,CZ
1000027,K000001,2026-04-24 00:00:00,2114.53,CZK,Electronics,Purchase,CZ
1000028,K000001,2026-06-19 00:00:00,1233.85,CZK,Electronics,Purchase,CZ
1000029,K000001,2026-03-13 00:00:00,2221.9,CZK,Fuel,Purchase,CZ
1000030,K000001,2026-01-22 00:00:00,-329.33,EUR,Travel,Refund,DE
1000031,K000001,2026-05-25 00:00:00,697.97,CZK,Healthcare,Purchase,CZ
1000032,K000001,2026-06-04 00:00:00,484.46,CZK,Restaurants,Purchase,CZ
1000033,K000001,2026-03-27 00:00:00,3099.64,CZK,Electronics,Withdrawal,CZ
1000034,K000001,2026-01-27 00:00:00,3412.22,CZK,Entertainment,Withdrawal,CZ
1000035,K000001,2026-03-14 00:00:00,239.45,CZK,Fuel,Purchase,CZ
1000036,K000001,2026-06-23 00:00:00,4325.19,CZK,Fuel,Withdrawal,CZ
1000037,K000001,2026-02-06 00:00:00,3677.84,CZK,Electronics,Purchase,CZ
1000038,K000002,2026-04-28 00:00:00,1901.23,CZK,Electronics,Purchase,CZ
1000039,K000002,2026-01-23 00:00:00,406.06,CZK,Restaurants,Purchase,CZ
1000040,K000002,2026-01-15 00:00:00,1996.76,CZK,Healthcare,Purchase,CZ
1000041,K000002,2026-02-04 00:00:00,2723.26,CZK,Groceries,Purchase,CZ
1000042,K000002,2026-01-02 00:00:00,2820.15,CZK,Groceries,Withdrawal,CZ
1000043,K000002,2026-02-13 00:00:00,1499.85,CZK,Groceries,Purchase,CZ
1000044,K000002,2026-04-08 00:00:00,3660.48,CZK,Restaurants,Purchase,CZ
1000045,K000002,2026-05-04 00:00:00,2543.15,CZK,Groceries,Purchase,PL
1000046,K000002,2026-04-02 00:00:00,-1447.88,CZK,Fuel,Purchase,CZ
1000047,K000002,2026-01-03 00:00:00,2139.93,CZK,Other,Purchase,CZ
1000048,K000002,2026-06-18 00:00:00,1232.18,CZK,Travel,Purchase,CZ
1000049,K000002,2026-04-23 00:00:00,1447.26,CZK,Electronics,Purchase,CZ
1000050,K000002,2026-03-14 00:00:00,1358.29,CZK,Other,Purchase,AT
1000051,K000002,2026-04-18 00:00:00,7286.05,CZK,Healthcare,Withdrawal,CZ
1000052,K000002,2026-04-10 00:00:00,133.55,CZK,Electronics,Purchase,CZ
1000053,K000002,2026-03-29 00:00:00,4626.12,CZK,Healthcare,Withdrawal,CZ
1000054,K000002,2026-02-09 00:00:00,504.33,CZK,Healthcare,Purchase,CZ
1000055,K000002,2026-01-27 00:00:00,3426.74,CZK,Restaurants,Purchase,CZ
1000056,K000002,2026-01-10 00:00:00,-881.29,CZK,Groceries,Refund,CZ
1000057,K000002,2026-05-15 00:00:00,-482.46,CZK,Healthcare,Refund,CZ
1000058,K000002,2026-03-19 00:00:00,1436.55,CZK,Groceries,Purchase,CZ
1000059,K000002,2026-01-01 00:00:00,1177.0,CZK,Healthcare,Purchase,CZ
1000060,K000002,2026-05-06 00:00:00,2692.34,CZK,Fuel,Purchase,CZ
1000061,K000002,2026-04-03 00:00:00,2618.48,CZK,Restaurants,Purchase,CZ
1000062,K000002,2026-06-04 00:00:00,-1773.88,EUR,Other,Refund,SK
1000063,K000002,2026-03-19 00:00:00,2897.04,CZK,Travel,Purchase,CZ
1000064,K000002,2026-05-24 00:00:00,2883.44,CZK,Healthcare,Purchase,CZ
1000065,K000002,2026-05-09 00:00:00,3871.57,CZK,Groceries,Purchase,CZ
1000066,K000002,2026-06-27 00:00:00,2754.54,CZK,Fuel,Purchase,CZ
1000067,K000002,2026-05-11 00:00:00,2448.51,CZK,,Purchase,CZ
1000068,K000002,2026-06-01 00:00:00,4826.69,CZK,Travel,Withdrawal,CZ
1000069,K000003,2026-03-10 00:00:00,2157.58,CZK,Travel,Purchase,AT
1000070,K000003,2026-06-14 00:00:00,508.93,CZK,Entertainment,Purchase,CZ
1000071,K000003,2026-05-21 00:00:00,2465.35,CZK,Groceries,Purchase,CZ
1000072,K000003,2026-02-26 00:00:00,-1097.91,CZK,Restaurants,Refund,CZ
1000073,K000003,2026-06-26 00:00:00,2523.61,CZK,Other,Purchase,CZ
1000074,K000003,2026-03-10 00:00:00,7652.53,CZK,Healthcare,Withdrawal,CZ
1000075,K000003,2026-05-03 00:00:00,3271.61,CZK,Fuel,Purchase,CZ
1000076,K000003,2026-01-06 00:00:00,1607.08,CZK,Restaurants,Purchase,CZ
1000077,K000003,2026-04-27 00:00:00,2130.78,CZK,Restaurants,Purchase,CZ
1000078,K000003,2026-01-06 00:00:00,6622.58,CZK,Restaurants,Withdrawal,CZ
1000079,K000003,2026-06-10 00:00:00,-1917.35,CZK,Entertainment,Refund,CZ
1000080,K000003,2026-01-22 00:00:00,8977.71,CZK,Other,Withdrawal,CZ
1000081,K000003,2026-01-15 00:00:00,536.15,CZK,Travel,Purchase,CZ
1000082,K000003,2028-09-20 00:00:00,1737.18,CZK,Electronics,Purchase,PL
1000083,K000003,2026-05-06 00:00:00,3828.04,CZK,Entertainment,Purchase,CZ
1000084,K000003,2026-01-22 00:00:00,2145.4,CZK,Fuel,Purchase,CZ
1000085,K000003,2026-06-25 00:00:00,3507.84,CZK,Entertainment,Purchase,SK
1000086,K000003,2026-02-08 00:00:00,1814.45,CZK,Restaurants,Purchase,CZ
1000087,K000003,2026-04-20 00:00:00,553.77,CZK,Other,Purchase,CZ
1000088,K000003,2026-06-27 00:00:00,595.97,CZK,Healthcare,Purchase,CZ
1000089,K000003,2026-05-08 00:00:00,3294.55,CZK,Healthcare,Purchase,CZ
1000090,K000003,2026-06-27 00:00:00,61.32,CZK,,Purchase,CZ
1000091,K000003,2026-02-04 00:00:00,3402.57,CZK,Travel,Purchase,CZ
1000092,K000004,2026-04-18 00:00:00,3000.63,CZK,Fuel,Purchase,CZ
1000093,K000004,2026-01-07 00:00:00,6796.1,CZK,Fuel,Withdrawal,CZ
1000094,K000004,2026-04-04 00:00:00,2298.27,CZK,Fuel,Purchase,CZ
1000095,K000004,2026-02-05 00:00:00,1675.51,CZK,Groceries,Purchase,CZ
1000096,K000004,2026-02-09 00:00:00,3016.98,CZK,,Purchase,CZ
1000097,K000004,2026-06-24 00:00:00,9231.93,CZK,Healthcare,Withdrawal,AT
1000098,K000004,2026-05-14 00:00:00,886.86,CZK,Fuel,Purchase,CZ
1000099,K000004,2026-05-24 00:00:00,4950.14,CZK,Healthcare,Withdrawal,CZ
1000100,K000004,2026-04-06 00:00:00,462.38,CZK,Entertainment,Purchase,CZ
1000101,K000004,2026-03-14 00:00:00,2408.59,CZK,Electronics,Purchase,CZ
1000102,K000004,2026-01-09 00:00:00,-1151.35,CZK,Groceries,Refund,CZ
1000103,K000004,2028-11-28 00:00:00,9608.02,CZK,Healthcare,Withdrawal,CZ
1000104,K000004,2026-02-03 00:00:00,5283.99,CZK,Groceries,Withdrawal,CZ
1000105,K000004,2026-04-08 00:00:00,3256.13,CZK,Restaurants,Withdrawal,DE
1000106,K000004,2026-06-24 00:00:00,9937.46,CZK,Entertainment,Withdrawal,CZ
1000107,K000004,2026-02-03 00:00:00,3763.56,CZK,Healthcare,Purchase,CZ
1000108,K000004,2026-06-06 00:00:00,2529.77,CZK,Fuel,Purchase,CZ
1000109,K000004,2026-03-21 00:00:00,9003.78,CZK,Fuel,Withdrawal,DE
1000110,K000004,2026-03-13 00:00:00,757.79,CZK,Other,Purchase,PL
1000111,K000004,2026-02-01 00:00:00,1182.17,CZK,Fuel,Purchase,CZ
1000112,K000004,2026-05-12 00:00:00,2744.69,CZK,Groceries,Purchase,CZ
1000113,K000004,2026-06-14 00:00:00,-3293.88,CZK,Travel,Purchase,CZ
1000114,K000004,2026-05-26 00:00:00,3502.93,CZK,Other,Purchase,CZ
1000115,K000004,2026-04-30 00:00:00,9215.87,CZK,Electronics,Withdrawal,CZ
1000116,K000004,2026-01-17 00:00:00,889.91,CZK,Other,Purchase,CZ
1000117,K000004,2026-02-09 00:00:00,2294.42,EUR,Groceries,Purchase,AT
1000118,K000004,2026-05-02 00:00:00,9550.13,CZK,Fuel,Withdrawal,CZ
1000119,K000004,2026-01-18 00:00:00,2863.22,CZK,Travel,Purchase,CZ
1000120,K000004,2026-01-14 00:00:00,3855.29,CZK,Healthcare,Purchase,CZ
1000121,K000004,2026-05-18 00:00:00,3654.76,CZK,Electronics,Purchase,CZ
1000122,K000004,2026-06-20 00:00:00,3946.15,CZK,Entertainment,Purchase,CZ
1000123,K000004,2026-04-28 00:00:00,3178.47,EUR,Groceries,Purchase,DE
1000124,K000004,2026-06-13 00:00:00,3917.18,CZK,Fuel,Purchase,CZ
1000125,K000004,2026-02-25 00:00:00,2734.53,CZK,Entertainment,Purchase,CZ
1000126,K000004,2026-03-20 00:00:00,2021.57,CZK,Entertainment,Purchase,CZ
1000127,K000004,2026-05-19 00:00:00,1577.11,CZK,Fuel,Withdrawal,CZ
1000128,K000004,2026-02-11 00:00:00,2655.44,CZK,Restaurants,Purchase,SK
1000129,K000004,2026-06-16 00:00:00,2010.8,CZK,Restaurants,Purchase,CZ
1000130,K000004,2026-05-09 00:00:00,3414.24,CZK,Healthcare,Purchase,CZ
1000131,K000004,2026-05-01 00:00:00,4907.5,CZK,Healthcare,Withdrawal,CZ
1000132,K000005,2026-02-27 00:00:00,3012.74,CZK,Healthcare,Withdrawal,CZ
1000133,K000005,2026-01-02 00:00:00,3172.52,CZK,Entertainment,Purchase,CZ
1000134,K000005,2026-05-27 00:00:00,-425.69,CZK,Healthcare,Refund,CZ
1000135,K000005,2026-06-12 00:00:00,3621.48,CZK,Restaurants,Purchase,CZ
1000136,K000005,2026-02-02 00:00:00,1598.45,CZK,Fuel,Purchase,DE
1000137,K000005,2026-01-24 00:00:00,2393.49,CZK,Restaurants,Purchase,CZ
1000138,K000005,2026-01-07 00:00:00,3121.48,CZK,Electronics,Purchase,CZ
1000139,K000005,2026-05-18 00:00:00,4092.02,CZK,Restaurants,Withdrawal,SK
1000140,K000005,2026-01-29 00:00:00,610.25,CZK,Restaurants,Purchase,CZ
1000141,K000005,2026-04-03 00:00:00,136.73,CZK,Restaurants,Purchase,CZ
1000142,K000005,2026-04-18 00:00:00,1830.97,CZK,Fuel,Purchase,CZ
1000143,K000005,2026-06-11 00:00:00,1404.1,CZK,Groceries,Purchase,CZ
1000144,K000005,2026-03-07 00:00:00,141.0,CZK,Entertainment,Purchase,CZ
1000145,K000005,2026-02-25 00:00:00,2924.59,CZK,Other,Purchase,CZ
1000146,K000005,2026-01-24 00:00:00,1894.82,CZK,Healthcare,Purchase,AT
1000147,K000005,2026-02-20 00:00:00,3182.96,EUR,Electronics,Purchase,PL
1000148,K000005,2026-04-25 00:00:00,1309.06,CZK,Electronics,Purchase,CZ
1000149,K000005,2026-04-06 00:00:00,3563.33,CZK,Healthcare,Purchase,CZ
1000150,K000005,2026-06-15 00:00:00,760.62,CZK,Entertainment,Purchase,CZ
1000151,K000005,2026-02-25 00:00:00,-1292.09,CZK,Entertainment,Purchase,CZ
1000152,K000005,2026-05-26 00:00:00,1573.08,CZK,Restaurants,Purchase,CZ
1000153,K000005,2026-06-05 00:00:00,2744.42,CZK,Electronics,Purchase,CZ
1000154,K000005,2026-05-07 00:00:00,521.07,CZK,Healthcare,Purchase,CZ
1000155,K000005,2026-01-06 00:00:00,-5969.71,CZK,Fuel,Withdrawal,CZ
1000156,K000005,2026-04-14 00:00:00,-126.28,CZK,Restaurants,Refund,CZ
1000157,K000005,2026-04-17 00:00:00,4303.27,CZK,Groceries,Withdrawal,CZ
1000158,K000005,2026-04-27 00:00:00,-286.76,CZK,Groceries,Refund,CZ
1000159,K000005,2026-01-03 00:00:00,2766.02,CZK,Electronics,Purchase,CZ
1000160,K000006,2026-05-18 00:00:00,2967.03,CZK,Travel,Withdrawal,CZ
1000161,K000006,2026-03-26 00:00:00,2809.73,CZK,Restaurants,Purchase,CZ
1000162,K000006,2026-02-07 00:00:00,-855.92,CZK,Electronics,Refund,CZ
1000163,K000006,2026-06-19 00:00:00,2936.92,CZK,Travel,Purchase,CZ
1000164,K000006,2026-04-01 00:00:00,2606.18,CZK,Restaurants,Purchase,SK
1000165,K000006,2026-01-04 00:00:00,1976.2,CZK,Entertainment,Purchase,CZ
1000166,K000006,2026-03-21 00:00:00,1503.77,EUR,Healthcare,Withdrawal,DE
1000167,K000006,2026-02-18 00:00:00,1263.23,CZK,Fuel,Purchase,CZ
1000168,K000006,2026-01-28 00:00:00,2276.78,CZK,Other,Withdrawal,CZ
1000169,K000006,2026-01-31 00:00:00,644.95,CZK,Groceries,Purchase,CZ
1000170,K000006,2026-04-05 00:00:00,3715.68,CZK,Fuel,Purchase,CZ
1000171,K000006,2026-05-16 00:00:00,2740.58,CZK,Electronics,Purchase,CZ
1000172,K000006,2026-01-10 00:00:00,449.08,CZK,Healthcare,Purchase,CZ
1000173,K000006,2026-01-26 00:00:00,3048.54,CZK,Entertainment,Withdrawal,CZ
1000174,K000006,2026-06-02 00:00:00,2037.8,CZK,Travel,Purchase,CZ
1000175,K000006,2026-06-26 00:00:00,708.25,CZK,Groceries,Purchase,CZ
1000176,K000006,2026-04-20 00:00:00,-1768.45,CZK,Groceries,Refund,CZ
1000177,K000006,2028-05-31 00:00:00,482.07,CZK,Travel,Purchase,CZ
1000178,K000006,2026-05-15 00:00:00,420.94,CZK,Other,Purchase,CZ
1000179,K000006,2026-03-31 00:00:00,1488.94,CZK,Entertainment,Purchase,CZ
1000180,K000006,2026-06-19 00:00:00,2101.27,CZK,Healthcare,Purchase,CZ
1000181,K000006,2026-06-18 00:00:00,2331.46,CZK,Electronics,Purchase,CZ
1000182,K000006,2026-02-19 00:00:00,-1760.43,EUR,Other,Refund,DE
1000183,K000006,2026-06-23 00:00:00,1698.31,CZK,Groceries,Purchase,CZ
1000184,K000006,2026-03-29 00:00:00,5883.29,CZK,Restaurants,Withdrawal,PL
1000185,K000006,2026-04-30 00:00:00,2254.66,CZK,Restaurants,Purchase,CZ
1000186,K000006,2026-01-04 00:00:00,2392.63,CZK,Healthcare,Purchase,CZ
1000187,K000006,2026-01-01 00:00:00,1168.9,CZK,Fuel,Purchase,AT
1000188,K000007,2026-04-21 00:00:00,176.94,CZK,Healthcare,Purchase,CZ
1000189,K000007,2026-01-26 00:00:00,734.54,CZK,Fuel,Purchase,CZ
1000190,K000007,2026-02-21 00:00:00,1239.2,CZK,Other,Purchase,CZ
1000191,K000007,2026-04-07 00:00:00,2791.83,CZK,Entertainment,Purchase,CZ
1000192,K000007,2026-04-20 00:00:00,159.31,CZK,Healthcare,Purchase,CZ
1000193,K000007,2026-02-05 00:00:00,6013.06,CZK,Travel,Withdrawal,CZ
1000194,K000007,2026-04-11 00:00:00,3239.55,CZK,Groceries,Purchase,CZ
1000195,K000007,2026-03-11 00:00:00,3296.66,CZK,Groceries,Purchase,CZ
1000196,K000007,2026-05-30 00:00:00,860.0,CZK,Other,Purchase,CZ
1000197,K000007,2026-06-22 00:00:00,1278.02,CZK,,Purchase,CZ
1000198,K000007,2026-06-26 00:00:00,2434.97,CZK,Electronics,Purchase,CZ
1000199,K000007,2026-01-07 00:00:00,531.16,CZK,Electronics,Purchase,CZ
1000200,K000007,2026-05-20 00:00:00,3444.29,CZK,Groceries,Purchase,CZ
1000201,K000007,2026-06-18 00:00:00,5693.47,EUR,Restaurants,Withdrawal,PL
1000202,K000007,2026-06-20 00:00:00,473.98,CZK,Groceries,Purchase,CZ
1000203,K000007,2026-01-31 00:00:00,184.63,CZK,Other,Purchase,CZ
1000204,K000007,2026-04-01 00:00:00,3130.59,CZK,Electronics,Withdrawal,CZ
1000205,K000008,2026-04-10 00:00:00,1439.87,CZK,Fuel,Purchase,CZ
1000206,K000008,2026-06-18 00:00:00,3365.34,CZK,Fuel,Purchase,CZ
1000207,K000008,2026-05-10 00:00:00,1330.1,CZK,Healthcare,Purchase,CZ
1000208,K000008,2026-01-08 00:00:00,2022.76,CZK,Electronics,Purchase,DE
1000209,K000008,2026-02-14 00:00:00,304.26,CZK,Restaurants,Purchase,CZ
1000210,K000008,2026-04-06 00:00:00,737.57,CZK,Fuel,Purchase,DE
1000211,K000008,2026-03-06 00:00:00,844.71,CZK,Electronics,Purchase,CZ
1000212,K000008,2026-01-07 00:00:00,181.29,CZK,,Purchase,CZ
1000213,K000008,2026-05-26 00:00:00,2745.33,CZK,Other,Purchase,CZ
1000214,K000008,2026-02-23 00:00:00,1458.12,CZK,Restaurants,Purchase,CZ
1000215,K000008,2026-06-10 00:00:00,552.41,CZK,Other,Purchase,CZ
1000216,K000008,2026-06-03 00:00:00,3765.44,CZK,Entertainment,Purchase,CZ
1000217,K000008,2026-02-10 00:00:00,3420.12,CZK,Healthcare,Purchase,CZ
1000218,K000008,2026-05-20 00:00:00,-1970.62,CZK,Healthcare,Refund,CZ
1000219,K000008,2026-03-27 00:00:00,2948.8,CZK,Groceries,Purchase,CZ
1000220,K000008,2026-01-19 00:00:00,7772.96,CZK,Healthcare,Withdrawal,CZ
1000221,K000008,2026-06-06 00:00:00,561.39,CZK,Other,Purchase,CZ
1000222,K000008,2026-06-16 00:00:00,3406.84,CZK,,Purchase,CZ
1000223,K000008,2026-02-20 00:00:00,2750.2,CZK,Healthcare,Purchase,CZ
1000224,K000008,2026-02-02 00:00:00,506.55,CZK,Entertainment,Purchase,CZ
1000225,K000008,2026-03-29 00:00:00,413.36,CZK,Groceries,Purchase,SK
1000226,K000008,2026-01-15 00:00:00,1166.25,EUR,Electronics,Purchase,DE
1000227,K000008,2026-05-03 00:00:00,1038.29,CZK,Entertainment,Purchase,CZ
1000228,K000008,2026-02-26 00:00:00,-1571.41,CZK,Travel,Refund,CZ
1000229,K000008,2026-05-19 00:00:00,1672.79,CZK,Restaurants,Purchase,CZ
1000230,K000008,2026-02-05 00:00:00,2502.31,CZK,Fuel,Withdrawal,CZ
1000231,K000008,2026-03-02 00:00:00,501.24,CZK,Travel,Purchase,CZ
1000232,K000008,2026-03-18 00:00:00,4147.39,CZK,Other,Withdrawal,CZ
1000233,K000008,2026-02-22 00:00:00,256.43,EUR,Entertainment,Purchase,AT
1000234,K000008,2026-06-01 00:00:00,3325.5,CZK,Groceries,Purchase,CZ
1000235,K000008,2026-05-22 00:00:00,-610.47,CZK,Healthcare,Refund,CZ
1000236,K000008,2026-05-26 00:00:00,-961.3,CZK,Groceries,Refund,CZ
1000237,K000008,2026-06-24 00:00:00,2194.08,CZK,Travel,Purchase,CZ
1000238,K000008,2026-06-18 00:00:00,6275.99,CZK,Entertainment,Withdrawal,CZ
1000239,K000008,2026-02-15 00:00:00,1892.44,CZK,Electronics,Purchase,CZ
1000240,K000008,2026-05-29 00:00:00,1290.4,CZK,Travel,Purchase,CZ
1000241,K000008,2026-05-07 00:00:00,3491.39,CZK,Groceries,Purchase,CZ
1000242,K000008,2026-05-10 00:00:00,2883.56,EUR,Travel,Purchase,SK
1000243,K000009,2026-01-12 00:00:00,2052.4,CZK,Electronics,Purchase,CZ
1000244,K000009,2026-04-06 00:00:00,1168.18,CZK,Entertainment,Purchase,CZ
1000245,K000009,2026-04-15 00:00:00,-623.42,CZK,Travel,Refund,SK
1000246,K000009,2026-06-05 00:00:00,3134.45,CZK,Entertainment,Purchase,PL
1000247,K000010,2026-04-08 00:00:00,3745.3,CZK,Healthcare,Purchase,CZ
1000248,K000010,2026-02-01 00:00:00,2653.83,CZK,Electronics,Purchase,CZ
1000249,K000010,2026-03-17 00:00:00,9786.01,CZK,Restaurants,Withdrawal,CZ
1000250,K000010,2026-04-24 00:00:00,2047.29,CZK,Electronics,Purchase,CZ
1000251,K000010,2026-04-18 00:00:00,1690.17,CZK,Healthcare,Withdrawal,CZ
1000252,K000010,2026-06-20 00:00:00,3744.93,CZK,Fuel,Withdrawal,CZ
1000253,K000010,2026-06-11 00:00:00,647.37,CZK,Other,Withdrawal,CZ
1000254,K000010,2026-02-02 00:00:00,709.4,CZK,Healthcare,Purchase,AT
1000255,K000010,2026-04-13 00:00:00,1380.39,CZK,Restaurants,Purchase,SK
1000256,K000010,2026-04-01 00:00:00,2975.76,CZK,Fuel,Purchase,CZ
1000257,K000010,2026-05-31 00:00:00,6138.76,CZK,Healthcare,Withdrawal,CZ
1000258,K000010,2026-02-15 00:00:00,3103.37,CZK,Groceries,Purchase,CZ
1000259,K000010,2026-05-15 00:00:00,-606.25,CZK,Fuel,Refund,CZ
1000260,K000010,2026-02-23 00:00:00,2481.14,CZK,Restaurants,Purchase,CZ
1000261,K000011,2026-04-23 00:00:00,3674.89,CZK,Electronics,Purchase,CZ
1000262,K000011,2026-02-06 00:00:00,7671.22,CZK,Electronics,Withdrawal,CZ
1000263,K000011,2026-01-07 00:00:00,-1163.77,CZK,Other,Refund,CZ
1000264,K000011,2026-01-29 00:00:00,1089.07,CZK,Restaurants,Purchase,SK
1000265,K000011,2026-01-20 00:00:00,1841.18,CZK,Restaurants,Purchase,CZ
1000266,K000011,2026-03-22 00:00:00,-1598.68,CZK,Groceries,Refund,SK
1000267,K000011,2026-02-05 00:00:00,-1363.03,CZK,Fuel,Refund,CZ
1000268,K000011,2026-03-14 00:00:00,9532.91,CZK,Groceries,Withdrawal,CZ
1000269,K000011,2026-05-06 00:00:00,868.72,CZK,Electronics,Withdrawal,CZ
1000270,K000011,2026-05-04 00:00:00,1235.4,CZK,Other,Purchase,CZ
1000271,K000011,2026-06-11 00:00:00,1216.9,CZK,Travel,Purchase,CZ
1000272,K000011,2026-04-25 00:00:00,745.97,CZK,Entertainment,Purchase,CZ
1000273,K000011,2026-02-02 00:00:00,6210.06,CZK,,Withdrawal,CZ
1000274,K000011,2026-02-25 00:00:00,2985.25,CZK,Other,Withdrawal,CZ
1000275,K000011,2026-03-08 00:00:00,3728.49,CZK,Healthcare,Withdrawal,CZ
1000276,K000011,2026-02-12 00:00:00,3794.12,EUR,Groceries,Purchase,SK
1000277,K000011,2026-01-24 00:00:00,5752.49,CZK,Entertainment,Withdrawal,CZ
1000278,K000011,2026-02-10 00:00:00,3256.78,CZK,Healthcare,Withdrawal,CZ
1000279,K000011,2026-03-05 00:00:00,3764.4,CZK,Other,Purchase,CZ
1000280,K000011,2026-03-14 00:00:00,2767.88,CZK,Healthcare,Purchase,CZ
1000281,K000011,2026-02-03 00:00:00,2042.81,CZK,Groceries,Purchase,CZ
1000282,K000011,2026-05-19 00:00:00,2373.37,CZK,Travel,Purchase,CZ
1000283,K000011,2026-04-19 00:00:00,1862.68,CZK,Other,Purchase,CZ
1000284,K000011,2026-04-20 00:00:00,1150.3,CZK,Electronics,Purchase,CZ
1000285,K000011,2026-05-08 00:00:00,7288.5,CZK,Groceries,Withdrawal,CZ
1000286,K000011,2026-03-01 00:00:00,2589.13,CZK,Restaurants,Purchase,CZ
1000287,K000011,2026-02-13 00:00:00,1037.38,CZK,Other,Purchase,CZ
1000288,K000011,2026-05-26 00:00:00,1676.84,CZK,Groceries,Purchase,CZ
1000289,K000011,2026-05-25 00:00:00,2777.07,CZK,Other,Purchase,CZ
1000290,K000011,2026-06-16 00:00:00,5387.1,CZK,Restaurants,Withdrawal,PL
1000291,K000011,2026-04-07 00:00:00,3005.19,CZK,Restaurants,Purchase,CZ
1000292,K000011,2026-04-19 00:00:00,5128.34,CZK,Healthcare,Withdrawal,CZ
1000293,K000011,2026-01-31 00:00:00,8862.15,CZK,Entertainment,Withdrawal,CZ
1000294,K000011,2026-02-12 00:00:00,3221.11,CZK,Travel,Purchase,CZ
1000295,K000011,2026-02-23 00:00:00,8597.76,CZK,Other,Withdrawal,CZ
1000296,K000011,2026-04-17 00:00:00,3909.06,CZK,Restaurants,Purchase,CZ
1000297,K000012,2026-01-25 00:00:00,313.75,CZK,Entertainment,Purchase,CZ
1000298,K000012,2026-02-19 00:00:00,-881.02,CZK,Healthcare,Refund,DE
1000299,K000012,2026-06-01 00:00:00,754.38,CZK,Healthcare,Purchase,CZ
1000300,K000012,2026-06-01 00:00:00,8777.7,CZK,Fuel,Withdrawal,CZ
1000301,K000012,2026-03-01 00:00:00,1891.67,CZK,Entertainment,Withdrawal,CZ
1000302,K000012,2026-01-14 00:00:00,2676.13,CZK,Restaurants,Purchase,CZ
1000303,K000012,2026-04-11 00:00:00,3872.42,CZK,Restaurants,Withdrawal,CZ
1000304,K000012,2026-02-24 00:00:00,7257.8,CZK,Other,Withdrawal,CZ
1000305,K000012,2026-03-06 00:00:00,1425.31,CZK,Other,Purchase,CZ
1000306,K000012,2026-03-30 00:00:00,3991.71,CZK,Fuel,Purchase,SK
1000307,K000012,2026-04-24 00:00:00,1276.04,CZK,Travel,Purchase,CZ
1000308,K000012,2026-01-04 00:00:00,2584.61,CZK,Travel,Purchase,CZ
1000309,K000012,2026-01-15 00:00:00,9311.96,CZK,Other,Withdrawal,CZ
1000310,K000012,2026-06-15 00:00:00,163.91,CZK,Fuel,Purchase,CZ
1000311,K000012,2026-02-03 00:00:00,1032.46,CZK,Restaurants,Withdrawal,CZ
1000312,K000012,2026-03-13 00:00:00,3660.32,CZK,Fuel,Withdrawal,AT
1000313,K000012,2026-06-20 00:00:00,292.86,CZK,Fuel,Purchase,CZ
1000314,K000012,2026-01-22 00:00:00,834.8,CZK,Groceries,Purchase,CZ
1000315,K000012,2026-05-24 00:00:00,3352.62,CZK,Restaurants,Purchase,CZ
1000316,K000012,2026-01-24 00:00:00,2385.04,CZK,Groceries,Purchase,CZ
1000317,K000012,2026-04-06 00:00:00,2843.96,CZK,Electronics,Withdrawal,CZ
1000318,K000012,2026-02-03 00:00:00,2191.04,CZK,Electronics,Withdrawal,CZ
1000319,K000012,2026-03-11 00:00:00,2805.35,CZK,Entertainment,Purchase,CZ
1000320,K000012,2026-06-14 00:00:00,3335.34,CZK,Healthcare,Purchase,CZ
1000321,K000012,2026-05-26 00:00:00,2601.73,CZK,Entertainment,Purchase,CZ
1000322,K000012,2026-05-09 00:00:00,1362.2,CZK,Other,Withdrawal,CZ
1000323,K000013,2026-05-13 00:00:00,1895.63,CZK,Groceries,Purchase,CZ
1000324,K000013,2026-01-27 00:00:00,-359.56,CZK,Restaurants,Refund,CZ
1000325,K000013,2026-04-02 00:00:00,3020.58,CZK,Healthcare,Purchase,CZ
1000326,K000013,2026-05-02 00:00:00,1384.62,CZK,Electronics,Purchase,CZ
1000327,K000013,2026-05-10 00:00:00,9562.83,CZK,,Withdrawal,CZ
1000328,K000013,2026-03-18 00:00:00,-437.0,CZK,Fuel,Refund,CZ
1000329,K000013,2026-01-14 00:00:00,8114.15,CZK,Groceries,Withdrawal,CZ
1000330,K000013,2026-02-21 00:00:00,982.93,CZK,Electronics,Purchase,CZ
1000331,K000013,2028-07-16 00:00:00,1909.66,CZK,Other,Purchase,CZ
1000332,K000013,2026-04-29 00:00:00,557.58,CZK,Entertainment,Purchase,CZ
1000333,K000013,2026-06-22 00:00:00,1420.13,CZK,Groceries,Purchase,CZ
1000334,K000013,2026-06-05 00:00:00,1392.41,CZK,Healthcare,Purchase,DE
1000335,K000014,2026-02-18 00:00:00,1391.37,CZK,Travel,Purchase,CZ
1000336,K000014,2026-06-22 00:00:00,-872.39,CZK,Restaurants,Refund,CZ
1000337,K000014,2026-01-22 00:00:00,3456.74,CZK,,Purchase,CZ
1000338,K000014,2026-05-28 00:00:00,1970.25,CZK,Groceries,Purchase,CZ
1000339,K000014,2026-03-08 00:00:00,9128.0,CZK,Entertainment,Withdrawal,CZ
1000340,K000014,2026-04-04 00:00:00,-1086.84,CZK,Fuel,Refund,CZ
1000341,K000014,2026-06-01 00:00:00,7412.47,CZK,Travel,Withdrawal,CZ
1000342,K000014,2026-05-06 00:00:00,7020.68,CZK,Travel,Withdrawal,CZ
1000343,K000014,2026-01-07 00:00:00,1697.39,CZK,Groceries,Purchase,CZ
1000344,K000014,2026-04-02 00:00:00,742.17,CZK,Fuel,Purchase,CZ
1000345,K000014,2026-04-21 00:00:00,2488.1,CZK,Other,Purchase,CZ
1000346,K000014,2026-03-25 00:00:00,2909.05,CZK,Restaurants,Purchase,CZ
1000347,K000014,2026-06-13 00:00:00,3803.92,CZK,Restaurants,Purchase,CZ
1000348,K000014,2026-04-21 00:00:00,3979.93,CZK,Electronics,Purchase,CZ
1000349,K000014,2026-01-13 00:00:00,3745.14,CZK,Fuel,Purchase,CZ
1000350,K000014,2026-06-21 00:00:00,-1372.51,CZK,Groceries,Refund,CZ
1000351,K000014,2026-06-18 00:00:00,3171.52,CZK,Electronics,Purchase,CZ
1000352,K000014,2026-03-25 00:00:00,2862.53,CZK,Entertainment,Purchase,CZ
1000353,K000014,2026-05-02 00:00:00,1418.15,CZK,Other,Purchase,CZ
1000354,K000014,2026-02-13 00:00:00,3416.55,CZK,Entertainment,Purchase,CZ
1000355,K000014,2026-05-16 00:00:00,4789.24,CZK,Fuel,Withdrawal,CZ
1000356,K000014,2026-05-25 00:00:00,7638.19,CZK,Electronics,Withdrawal,CZ
1000357,K000014,2026-05-18 00:00:00,-290.81,CZK,Restaurants,Refund,CZ
1000358,K000014,2026-02-15 00:00:00,-1958.85,CZK,Electronics,Refund,CZ
1000359,K000014,2026-06-03 00:00:00,467.27,CZK,Entertainment,Purchase,CZ
1000360,K000014,2026-05-17 00:00:00,3039.47,EUR,Fuel,Purchase,DE
1000361,K000014,2026-03-15 00:00:00,1882.88,CZK,Healthcare,Purchase,CZ
1000362,K000014,2026-04-18 00:00:00,2494.56,CZK,Restaurants,Purchase,CZ
1000363,K000014,2026-04-15 00:00:00,2298.76,CZK,Entertainment,Purchase,CZ
1000364,K000014,2026-06-03 00:00:00,812.47,CZK,Electronics,Purchase,CZ
1000365,K000014,2026-02-21 00:00:00,172.01,EUR,Other,Purchase,DE
1000366,K000014,2026-05-09 00:00:00,1358.47,CZK,Other,Purchase,CZ
1000367,K000014,2026-01-18 00:00:00,1655.07,CZK,Healthcare,Purchase,CZ
1000368,K000014,2026-04-17 00:00:00,2877.39,CZK,Groceries,Purchase,CZ
1000369,K000014,2026-01-16 00:00:00,7388.93,CZK,Other,Withdrawal,CZ
1000370,K000014,2026-02-01 00:00:00,3309.65,CZK,Fuel,Purchase,CZ
1000371,K000015,2026-02-06 00:00:00,433.65,CZK,Other,Purchase,CZ
1000372,K000015,2026-03-08 00:00:00,3160.13,CZK,Groceries,Purchase,CZ
1000373,K000015,2026-02-07 00:00:00,1514.86,CZK,Fuel,Purchase,CZ
1000374,K000015,2026-03-20 00:00:00,660.04,CZK,Travel,Purchase,CZ
1000375,K000015,2026-03-07 00:00:00,6040.69,CZK,,Withdrawal,CZ
1000376,K000015,2026-05-11 00:00:00,723.12,CZK,Entertainment,Purchase,CZ
1000377,K000015,2026-04-07 00:00:00,5079.5,CZK,Restaurants,Withdrawal,CZ
1000378,K000015,2026-03-21 00:00:00,3123.16,CZK,Entertainment,Purchase,CZ
1000379,K000015,2026-05-26 00:00:00,8534.59,CZK,Electronics,Withdrawal,CZ
1000380,K000015,2026-04-04 00:00:00,1351.58,EUR,Restaurants,Purchase,SK
1000381,K000015,2026-05-26 00:00:00,2970.77,CZK,Electronics,Purchase,CZ
1000382,K000015,2026-04-27 00:00:00,2230.3,EUR,Restaurants,Purchase,DE
1000383,K000015,2026-01-16 00:00:00,2346.02,CZK,Groceries,Purchase,CZ
1000384,K000015,2026-06-12 00:00:00,379.38,CZK,Electronics,Purchase,CZ
1000385,K000015,2028-10-03 00:00:00,1559.48,CZK,Electronics,Withdrawal,CZ
1000386,K000015,2026-06-12 00:00:00,-540.91,CZK,Fuel,Refund,CZ
1000387,K000015,2026-05-04 00:00:00,1093.59,CZK,Travel,Purchase,CZ
1000388,K000015,2026-01-29 00:00:00,3898.7,CZK,Restaurants,Purchase,CZ
1000389,K000015,2026-06-22 00:00:00,3753.1,CZK,Electronics,Withdrawal,CZ
1000390,K000015,2026-03-01 00:00:00,3077.36,CZK,Electronics,Purchase,CZ
1000391,K000015,2026-02-09 00:00:00,7965.21,CZK,Fuel,Withdrawal,CZ
1000392,K000015,2026-05-13 00:00:00,7907.67,EUR,Other,Withdrawal,AT
1000393,K000015,2026-02-07 00:00:00,2993.6,CZK,Healthcare,Purchase,CZ
1000394,K000015,2026-01-02 00:00:00,2600.88,CZK,Travel,Purchase,CZ
1000395,K000015,2026-02-21 00:00:00,3338.58,CZK,Healthcare,Purchase,CZ
1000396,K000015,2026-05-24 00:00:00,1788.41,CZK,Fuel,Purchase,CZ
1000397,K000016,2026-06-01 00:00:00,-1573.39,CZK,Other,Refund,CZ
1000398,K000016,2026-06-05 00:00:00,2576.53,CZK,Travel,Purchase,CZ
1000399,K000016,2026-02-04 00:00:00,4430.89,CZK,Travel,Withdrawal,CZ
1000400,K000016,2026-05-24 00:00:00,2209.01,CZK,Travel,Purchase,CZ
1000401,K000016,2026-02-05 00:00:00,2969.28,CZK,Other,Purchase,CZ
1000402,K000016,2026-02-24 00:00:00,1480.7,CZK,Travel,Purchase,CZ
1000403,K000016,2026-01-06 00:00:00,1615.42,CZK,Groceries,Purchase,AT
1000404,K000016,2026-05-25 00:00:00,-1752.51,CZK,Travel,Refund,CZ
1000405,K000016,2026-06-12 00:00:00,3898.2,CZK,Restaurants,Purchase,CZ
1000406,K000016,2026-04-30 00:00:00,338.68,CZK,Other,Purchase,CZ
1000407,K000016,2026-02-08 00:00:00,2322.13,CZK,Healthcare,Purchase,CZ
1000408,K000016,2026-04-13 00:00:00,-1590.29,CZK,Fuel,Purchase,CZ
1000409,K000016,2026-02-27 00:00:00,1858.13,CZK,Entertainment,Purchase,CZ
1000410,K000016,2026-05-28 00:00:00,1268.5,CZK,Groceries,Purchase,CZ
1000411,K000016,2026-05-19 00:00:00,1295.58,CZK,Travel,Purchase,CZ
1000412,K000016,2026-03-11 00:00:00,1453.61,CZK,Other,Purchase,CZ
1000413,K000016,2026-04-07 00:00:00,7529.17,CZK,Healthcare,Withdrawal,CZ
1000414,K000016,2026-04-08 00:00:00,741.63,CZK,Restaurants,Purchase,CZ
1000415,K000016,2026-02-23 00:00:00,3904.71,EUR,Electronics,Withdrawal,AT
1000416,K000016,2026-03-07 00:00:00,78.66,CZK,Restaurants,Purchase,CZ
1000417,K000016,2026-03-21 00:00:00,3356.6,CZK,Healthcare,Withdrawal,CZ
1000418,K000016,2026-01-05 00:00:00,931.01,CZK,Groceries,Withdrawal,CZ
1000419,K000016,2026-02-09 00:00:00,1081.22,CZK,Travel,Withdrawal,CZ
1000420,K000016,2026-04-17 00:00:00,2098.47,CZK,Fuel,Purchase,CZ
1000421,K000016,2026-01-29 00:00:00,1644.43,CZK,Entertainment,Purchase,CZ
1000422,K000016,2026-01-07 00:00:00,2953.06,CZK,Healthcare,Purchase,CZ
1000423,K000016,2026-05-15 00:00:00,3593.9,EUR,Restaurants,Purchase,PL
1000424,K000016,2026-05-18 00:00:00,2565.58,CZK,Travel,Purchase,CZ
1000425,K000016,2026-06-18 00:00:00,2879.45,CZK,Electronics,Purchase,CZ
1000426,K000016,2026-05-12 00:00:00,2653.88,CZK,Travel,Purchase,CZ
1000427,K000016,2026-01-27 00:00:00,2654.51,CZK,Travel,Purchase,CZ
1000428,K000016,2026-02-03 00:00:00,2338.51,CZK,Healthcare,Purchase,CZ
1000429,K000016,2026-02-20 00:00:00,3349.75,CZK,Groceries,Purchase,CZ
1000430,K000016,2026-05-04 00:00:00,9722.41,CZK,Other,Withdrawal,CZ
1000431,K000016,2026-05-20 00:00:00,3085.62,CZK,Fuel,Purchase,CZ
1000432,K000017,2026-05-21 00:00:00,1402.38,CZK,Entertainment,Purchase,CZ
1000433,K000017,2026-01-07 00:00:00,1856.86,CZK,Travel,Purchase,CZ
1000434,K000017,2026-03-30 00:00:00,3761.22,CZK,Fuel,Purchase,CZ
1000435,K000017,2026-05-11 00:00:00,3114.85,CZK,Fuel,Purchase,CZ
1000436,K000017,2026-05-16 00:00:00,2180.86,CZK,Fuel,Purchase,CZ
1000437,K000017,2026-01-26 00:00:00,2649.45,CZK,Healthcare,Withdrawal,CZ
1000438,K000017,2026-03-13 00:00:00,-628.17,CZK,Other,Refund,CZ
1000439,K000017,2028-07-22 00:00:00,6847.14,CZK,Restaurants,Withdrawal,CZ
1000440,K000017,2026-04-16 00:00:00,7763.63,CZK,Electronics,Withdrawal,CZ
1000441,K000017,2026-02-10 00:00:00,1031.86,CZK,Travel,Purchase,CZ
1000442,K000017,2026-04-13 00:00:00,2705.65,CZK,Travel,Purchase,CZ
1000443,K000017,2026-01-03 00:00:00,455.32,CZK,Other,Purchase,CZ
1000444,K000017,2026-02-01 00:00:00,328.09,CZK,Entertainment,Purchase,CZ
1000445,K000017,2026-01-11 00:00:00,2526.25,CZK,Other,Purchase,CZ
1000446,K000017,2026-02-27 00:00:00,-1226.47,CZK,Other,Refund,CZ
1000447,K000017,2026-04-21 00:00:00,3091.29,CZK,Travel,Purchase,CZ
1000448,K000017,2026-03-26 00:00:00,1458.81,CZK,Other,Purchase,CZ
1000449,K000017,2026-05-07 00:00:00,460.66,CZK,Healthcare,Purchase,CZ
1000450,K000017,2026-06-20 00:00:00,3360.91,CZK,Restaurants,Purchase,CZ
1000451,K000017,2026-03-03 00:00:00,6236.15,CZK,Groceries,Withdrawal,CZ
1000452,K000017,2026-04-23 00:00:00,3763.78,CZK,Healthcare,Purchase,CZ
1000453,K000017,2026-01-07 00:00:00,3786.5,CZK,Groceries,Purchase,CZ
1000454,K000017,2026-03-06 00:00:00,3895.64,CZK,Groceries,Purchase,CZ
1000455,K000017,2026-06-12 00:00:00,2255.99,CZK,Healthcare,Purchase,CZ
1000456,K000017,2026-02-14 00:00:00,2484.79,CZK,Electronics,Purchase,CZ
1000457,K000017,2026-03-20 00:00:00,1653.96,CZK,Healthcare,Purchase,CZ
1000458,K000017,2026-05-05 00:00:00,1477.78,CZK,Groceries,Purchase,CZ
1000459,K000017,2026-05-29 00:00:00,5824.61,CZK,Healthcare,Withdrawal,CZ
1000460,K000017,2026-01-20 00:00:00,9189.62,CZK,Fuel,Withdrawal,CZ
1000461,K000017,2026-05-17 00:00:00,-252.07,CZK,Travel,Refund,CZ
1000462,K000017,2026-01-22 00:00:00,211.05,CZK,Travel,Purchase,CZ
1000463,K000017,2026-02-27 00:00:00,2609.19,CZK,,Purchase,CZ
1000464,K000017,2026-01-06 00:00:00,2247.47,CZK,Fuel,Purchase,CZ
1000465,K000017,2026-05-29 00:00:00,9801.75,CZK,Entertainment,Withdrawal,CZ
1000466,K000017,2026-03-09 00:00:00,-1877.0,CZK,Fuel,Refund,CZ
1000467,K000017,2026-03-05 00:00:00,3674.04,CZK,Entertainment,Purchase,CZ
1000468,K000018,2026-02-28 00:00:00,2238.59,CZK,Groceries,Purchase,CZ
1000469,K000018,2026-04-23 00:00:00,3983.36,CZK,Groceries,Purchase,CZ
1000470,K000018,2026-05-03 00:00:00,3821.2,CZK,Groceries,Purchase,CZ
1000471,K000018,2026-05-06 00:00:00,-1973.1,CZK,Travel,Refund,CZ
1000472,K000019,2026-04-15 00:00:00,-1194.4,CZK,Groceries,Refund,CZ
1000473,K000019,2026-04-02 00:00:00,-1247.01,CZK,Electronics,Refund,CZ
1000474,K000019,2026-06-03 00:00:00,3718.86,EUR,Restaurants,Purchase,PL
1000475,K000019,2026-04-08 00:00:00,428.66,CZK,Travel,Purchase,CZ
1000476,K000019,2026-02-17 00:00:00,3943.26,CZK,Restaurants,Purchase,CZ
1000477,K000019,2026-01-06 00:00:00,2746.7,CZK,,Purchase,SK
1000478,K000019,2026-03-25 00:00:00,5896.75,CZK,Fuel,Withdrawal,CZ
1000479,K000019,2026-06-08 00:00:00,1413.73,CZK,Entertainment,Purchase,CZ
1000480,K000019,2026-04-23 00:00:00,4728.51,CZK,Restaurants,Withdrawal,CZ
1000481,K000019,2026-03-21 00:00:00,2380.92,CZK,Electronics,Purchase,CZ
1000482,K000019,2026-06-06 00:00:00,-1118.56,CZK,Restaurants,Refund,CZ
1000483,K000019,2026-01-17 00:00:00,3843.53,CZK,Groceries,Purchase,CZ
1000484,K000019,2026-05-03 00:00:00,2670.87,CZK,Healthcare,Purchase,CZ
1000485,K000019,2026-06-14 00:00:00,3065.91,CZK,Healthcare,Purchase,CZ
1000486,K000019,2026-01-22 00:00:00,2266.95,CZK,Travel,Purchase,CZ
1000487,K000019,2026-01-15 00:00:00,402.29,CZK,Fuel,Purchase,CZ
1000488,K000019,2026-01-13 00:00:00,-800.56,CZK,Healthcare,Refund,CZ
1000489,K000019,2026-05-15 00:00:00,226.65,CZK,Fuel,Purchase,CZ
1000490,K000019,2026-03-23 00:00:00,2306.02,CZK,Healthcare,Purchase,CZ
1000491,K000019,2026-06-26 00:00:00,999.53,EUR,Fuel,Purchase,DE
1000492,K000019,2026-04-13 00:00:00,2505.97,CZK,Travel,Purchase,CZ
1000493,K000019,2026-06-17 00:00:00,3303.04,CZK,Electronics,Purchase,CZ
1000494,K000019,2026-05-05 00:00:00,1612.1,CZK,Electronics,Purchase,CZ
1000495,K000019,2026-01-30 00:00:00,1131.75,EUR,Travel,Withdrawal,PL
1000496,K000019,2026-05-18 00:00:00,478.54,CZK,Electronics,Purchase,PL
1000497,K000019,2026-02-02 00:00:00,481.91,CZK,Fuel,Purchase,CZ
1000498,K000019,2026-06-27 00:00:00,1780.53,CZK,Groceries,Purchase,CZ
1000499,K000019,2026-05-09 00:00:00,915.7,EUR,Travel,Withdrawal,AT
1000500,K000019,2026-02-21 00:00:00,3789.94,CZK,Electronics,Purchase,CZ
1000501,K000019,2026-04-23 00:00:00,1020.82,CZK,Fuel,Purchase,CZ
1000502,K000019,2026-03-23 00:00:00,2096.29,CZK,Entertainment,Purchase,CZ
1000503,K000019,2026-02-06 00:00:00,63.51,CZK,Restaurants,Purchase,CZ
1000504,K000019,2026-06-10 00:00:00,2613.01,CZK,Healthcare,Purchase,CZ
1000505,K000019,2026-06-07 00:00:00,6987.37,CZK,Other,Withdrawal,CZ
1000506,K000019,2026-02-09 00:00:00,620.41,EUR,Healthcare,Purchase,DE
1000507,K000019,2026-01-06 00:00:00,1866.73,EUR,Electronics,Purchase,DE
1000508,K000019,2026-02-23 00:00:00,2947.12,CZK,Entertainment,Purchase,CZ
1000509,K000020,2026-02-04 00:00:00,804.31,EUR,Entertainment,Purchase,PL
1000510,K000020,2026-06-14 00:00:00,479.17,CZK,Healthcare,Purchase,CZ
1000511,K000020,2026-02-25 00:00:00,1567.95,CZK,Other,Purchase,CZ
1000512,K000020,2026-02-22 00:00:00,3935.35,CZK,Healthcare,Purchase,CZ
1000513,K000020,2026-02-20 00:00:00,3478.72,CZK,Entertainment,Purchase,CZ
1000514,K000020,2026-06-06 00:00:00,6923.8,EUR,Groceries,Withdrawal,SK
1000515,K000020,2026-01-24 00:00:00,2987.16,CZK,Restaurants,Purchase,CZ
1000516,K000020,2026-03-22 00:00:00,1387.55,CZK,Fuel,Purchase,DE
1000517,K000020,2026-04-17 00:00:00,675.21,CZK,Travel,Purchase,CZ
1000518,K000020,2026-03-05 00:00:00,1807.37,CZK,Healthcare,Purchase,CZ
1000519,K000020,2026-05-03 00:00:00,3951.7,CZK,Fuel,Purchase,CZ
1000520,K000020,2026-01-06 00:00:00,3548.14,CZK,Restaurants,Purchase,CZ
1000521,K000020,2026-06-09 00:00:00,-266.4,EUR,Electronics,Refund,AT
1000522,K000020,2026-01-22 00:00:00,651.58,CZK,Fuel,Withdrawal,CZ
1000523,K000020,2026-03-06 00:00:00,-1813.35,CZK,Fuel,Refund,CZ
1000524,K000020,2026-03-03 00:00:00,-708.16,CZK,Other,Refund,CZ
1000525,K000020,2026-03-27 00:00:00,9302.18,CZK,Travel,Withdrawal,CZ
1000526,K000020,2026-05-01 00:00:00,1117.62,CZK,Healthcare,Purchase,CZ
1000527,K000020,2026-03-29 00:00:00,5747.64,EUR,Other,Withdrawal,SK
1000528,K000020,2026-05-11 00:00:00,3060.15,CZK,Restaurants,Purchase,CZ
1000529,K000020,2026-03-02 00:00:00,103.12,CZK,Restaurants,Purchase,CZ
1000530,K000020,2026-06-10 00:00:00,2676.51,CZK,Fuel,Purchase,CZ
1000531,K000020,2026-01-21 00:00:00,-57.49,CZK,Groceries,Refund,CZ
1000532,K000020,2026-04-10 00:00:00,3279.33,CZK,Fuel,Purchase,CZ
1000533,K000020,2026-06-23 00:00:00,-780.46,CZK,Electronics,Purchase,CZ
1000534,K000020,2026-05-19 00:00:00,2826.33,CZK,Entertainment,Purchase,CZ
1000535,K000020,2026-02-28 00:00:00,3318.84,CZK,Electronics,Withdrawal,CZ
1000536,K000020,2026-03-30 00:00:00,3874.15,CZK,Restaurants,Purchase,CZ
1000537,K000020,2026-05-07 00:00:00,3034.82,CZK,Other,Purchase,CZ
1000538,K000020,2026-06-22 00:00:00,9187.53,CZK,Restaurants,Withdrawal,CZ
1000539,K000021,2026-04-26 00:00:00,2023.79,CZK,Electronics,Purchase,CZ
1000540,K000021,2026-02-13 00:00:00,3525.9,CZK,Healthcare,Purchase,CZ
1000541,K000021,2026-04-29 00:00:00,4162.86,CZK,Entertainment,Withdrawal,CZ
1000542,K000021,2026-06-11 00:00:00,3175.93,CZK,Fuel,Purchase,CZ
1000543,K000021,2026-01-05 00:00:00,831.14,CZK,Travel,Purchase,CZ
1000544,K000021,2026-05-05 00:00:00,3791.96,CZK,Groceries,Purchase,CZ
1000545,K000021,2026-01-28 00:00:00,6274.27,CZK,Other,Withdrawal,CZ
1000546,K000021,2026-04-17 00:00:00,676.48,CZK,Healthcare,Purchase,CZ
1000547,K000021,2026-06-03 00:00:00,1524.75,CZK,Other,Purchase,CZ
1000548,K000021,2026-04-25 00:00:00,1338.49,CZK,Entertainment,Purchase,CZ
1000549,K000021,2026-05-02 00:00:00,1357.69,CZK,Entertainment,Purchase,CZ
1000550,K000021,2026-05-27 00:00:00,3262.62,CZK,Groceries,Purchase,CZ
1000551,K000021,2026-01-25 00:00:00,371.17,CZK,Travel,Purchase,CZ
1000552,K000021,2026-04-10 00:00:00,615.18,CZK,Electronics,Purchase,CZ
1000553,K000021,2026-01-01 00:00:00,2269.42,CZK,Other,Purchase,DE
1000554,K000021,2026-06-02 00:00:00,7487.2,CZK,Travel,Withdrawal,CZ
1000555,K000021,2026-04-07 00:00:00,3332.68,CZK,Groceries,Withdrawal,CZ
1000556,K000021,2026-04-18 00:00:00,9933.31,CZK,Fuel,Withdrawal,CZ
1000557,K000021,2026-03-22 00:00:00,831.23,CZK,Fuel,Purchase,CZ
1000558,K000021,2026-01-05 00:00:00,1934.55,CZK,Healthcare,Purchase,CZ
1000559,K000021,2026-06-10 00:00:00,1340.11,CZK,Travel,Purchase,CZ
1000560,K000021,2026-05-26 00:00:00,2883.22,CZK,Restaurants,Purchase,CZ
1000561,K000021,2026-01-27 00:00:00,1372.66,CZK,Restaurants,Withdrawal,CZ
1000562,K000021,2026-01-18 00:00:00,1694.59,CZK,Restaurants,Purchase,CZ
1000563,K000021,2026-04-25 00:00:00,-558.47,CZK,Groceries,Refund,CZ
1000564,K000022,2026-05-03 00:00:00,9524.68,CZK,Entertainment,Withdrawal,CZ
1000565,K000022,2026-06-12 00:00:00,5176.16,CZK,Restaurants,Withdrawal,CZ
1000566,K000022,2026-05-31 00:00:00,78.25,CZK,Entertainment,Purchase,CZ
1000567,K000022,2026-02-12 00:00:00,3665.04,CZK,Entertainment,Purchase,CZ
1000568,K000022,2026-02-10 00:00:00,823.3,CZK,Travel,Purchase,CZ
1000569,K000022,2026-04-25 00:00:00,3091.57,CZK,Healthcare,Purchase,CZ
1000570,K000022,2026-02-22 00:00:00,3336.79,CZK,Travel,Withdrawal,CZ
1000571,K000022,2026-01-14 00:00:00,3543.3,CZK,Travel,Purchase,CZ
1000572,K000022,2026-02-16 00:00:00,-807.71,EUR,Fuel,Refund,PL
1000573,K000022,2026-06-20 00:00:00,51.07,EUR,Groceries,Purchase,SK
1000574,K000022,2026-04-24 00:00:00,-239.6,CZK,Healthcare,Refund,CZ
1000575,K000022,2026-04-06 00:00:00,1225.01,CZK,Fuel,Purchase,CZ
1000576,K000022,2026-02-22 00:00:00,6977.37,CZK,Other,Withdrawal,CZ
1000577,K000022,2026-01-29 00:00:00,3551.44,CZK,Groceries,Purchase,CZ
1000578,K000022,2026-05-03 00:00:00,307.37,CZK,,Purchase,CZ
1000579,K000022,2026-04-30 00:00:00,3594.76,CZK,Travel,Purchase,CZ
1000580,K000022,2026-05-03 00:00:00,1124.25,CZK,Other,Purchase,CZ
1000581,K000022,2026-06-16 00:00:00,4635.77,CZK,Electronics,Withdrawal,CZ
1000582,K000022,2026-01-13 00:00:00,1852.22,CZK,Entertainment,Purchase,CZ
1000583,K000023,2026-02-07 00:00:00,737.15,CZK,Entertainment,Purchase,CZ
1000584,K000023,2026-02-07 00:00:00,3847.48,CZK,Fuel,Purchase,CZ
1000585,K000023,2026-04-02 00:00:00,8687.1,CZK,Fuel,Withdrawal,CZ
1000586,K000023,2026-05-19 00:00:00,3205.01,CZK,Electronics,Purchase,CZ
1000587,K000023,2026-04-12 00:00:00,9909.79,CZK,Groceries,Withdrawal,CZ
1000588,K000023,2026-05-21 00:00:00,3161.51,CZK,Entertainment,Purchase,CZ
1000589,K000023,2026-04-12 00:00:00,2329.23,CZK,Restaurants,Purchase,CZ
1000590,K000023,2026-06-14 00:00:00,3025.61,CZK,Restaurants,Purchase,CZ
1000591,K000023,2026-01-19 00:00:00,3309.67,CZK,Electronics,Purchase,CZ
1000592,K000023,2026-01-08 00:00:00,3115.47,CZK,Restaurants,Purchase,CZ
1000593,K000023,2026-04-02 00:00:00,1405.52,CZK,Other,Purchase,CZ
1000594,K000023,2026-06-01 00:00:00,-1024.99,CZK,Other,Refund,CZ
1000595,K000023,2026-04-09 00:00:00,2369.14,CZK,Other,Purchase,PL
1000596,K000023,2026-05-05 00:00:00,377.71,CZK,Restaurants,Purchase,CZ
1000597,K000023,2026-03-28 00:00:00,1325.35,CZK,Other,Purchase,CZ
1000598,K000023,2026-04-16 00:00:00,3457.73,CZK,Other,Purchase,CZ
1000599,K000023,2026-02-16 00:00:00,3215.17,CZK,Travel,Purchase,CZ
1000600,K000023,2026-05-13 00:00:00,3421.54,CZK,Healthcare,Purchase,CZ
1000601,K000023,2026-02-09 00:00:00,72.49,CZK,Fuel,Purchase,CZ
1000602,K000023,2026-01-12 00:00:00,2747.98,CZK,Other,Purchase,CZ
1000603,K000023,2026-01-30 00:00:00,3916.25,CZK,,Purchase,CZ
1000604,K000023,2026-04-21 00:00:00,3998.74,CZK,Groceries,Withdrawal,CZ
1000605,K000023,2026-05-23 00:00:00,3517.24,CZK,Electronics,Purchase,DE
1000606,K000023,2026-01-07 00:00:00,826.24,CZK,Travel,Purchase,CZ
1000607,K000023,2026-06-18 00:00:00,207.04,CZK,Healthcare,Purchase,CZ
1000608,K000023,2026-01-16 00:00:00,2680.35,CZK,,Purchase,CZ
1000609,K000023,2026-02-05 00:00:00,8111.64,CZK,Other,Withdrawal,CZ
1000610,K000023,2026-02-14 00:00:00,3441.84,CZK,Fuel,Purchase,CZ
1000611,K000023,2026-01-18 00:00:00,-1154.01,EUR,Entertainment,Refund,AT
1000612,K000023,2026-01-16 00:00:00,1608.78,CZK,Entertainment,Purchase,CZ
1000613,K000023,2026-06-05 00:00:00,2478.84,CZK,Fuel,Purchase,CZ
1000614,K000023,2026-05-14 00:00:00,2419.3,CZK,Fuel,Purchase,CZ
1000615,K000023,2026-01-11 00:00:00,2618.16,EUR,Entertainment,Purchase,PL
1000616,K000023,2026-04-09 00:00:00,-1230.15,CZK,Other,Refund,CZ
1000617,K000023,2026-06-27 00:00:00,2484.65,CZK,Travel,Purchase,CZ
1000618,K000023,2026-06-02 00:00:00,-682.12,CZK,Travel,Refund,CZ
1000619,K000023,2026-03-27 00:00:00,2411.15,CZK,Fuel,Purchase,CZ
1000620,K000023,2026-06-26 00:00:00,2864.85,CZK,Other,Purchase,CZ
1000621,K000023,2026-02-14 00:00:00,6566.66,CZK,Entertainment,Withdrawal,CZ
1000622,K000024,2026-04-06 00:00:00,9358.6,CZK,Travel,Withdrawal,CZ
1000623,K000024,2026-03-06 00:00:00,-9846.74,EUR,Travel,Withdrawal,PL
1000624,K000024,2026-05-11 00:00:00,3927.23,CZK,Restaurants,Purchase,CZ
1000625,K000024,2026-04-10 00:00:00,1477.27,CZK,Restaurants,Purchase,CZ
1000626,K000024,2026-05-21 00:00:00,9294.6,CZK,Groceries,Withdrawal,CZ
1000627,K000024,2026-03-28 00:00:00,1000.69,CZK,Travel,Purchase,AT
1000628,K000024,2026-02-08 00:00:00,918.5,CZK,Electronics,Purchase,CZ
1000629,K000024,2026-01-05 00:00:00,9797.39,CZK,Restaurants,Withdrawal,CZ
1000630,K000024,2026-04-15 00:00:00,3572.95,CZK,Groceries,Purchase,CZ
1000631,K000024,2026-03-20 00:00:00,1577.48,CZK,Restaurants,Purchase,CZ
1000632,K000024,2026-04-24 00:00:00,8580.57,CZK,,Withdrawal,CZ
1000633,K000024,2026-02-22 00:00:00,3751.74,CZK,Healthcare,Withdrawal,CZ
1000634,K000024,2026-06-05 00:00:00,6209.06,CZK,Healthcare,Withdrawal,CZ
1000635,K000024,2026-03-22 00:00:00,1198.18,CZK,Other,Purchase,DE
1000636,K000024,2026-04-26 00:00:00,1554.84,CZK,Healthcare,Purchase,CZ
1000637,K000024,2026-03-07 00:00:00,3988.54,CZK,Electronics,Purchase,CZ
1000638,K000024,2026-04-08 00:00:00,2843.06,CZK,Groceries,Purchase,CZ
1000639,K000024,2026-05-15 00:00:00,3441.08,CZK,Electronics,Purchase,CZ
1000640,K000024,2026-02-12 00:00:00,6398.97,CZK,Fuel,Withdrawal,CZ
1000641,K000024,2026-05-01 00:00:00,3240.53,CZK,Restaurants,Purchase,CZ
1000642,K000024,2026-03-10 00:00:00,5757.67,CZK,Fuel,Withdrawal,CZ
1000643,K000024,2026-01-03 00:00:00,5375.84,CZK,Groceries,Withdrawal,CZ
1000644,K000024,2026-02-12 00:00:00,2798.29,CZK,Travel,Withdrawal,CZ
1000645,K000024,2026-04-27 00:00:00,2039.83,CZK,Healthcare,Withdrawal,CZ
1000646,K000024,2026-03-15 00:00:00,3029.32,EUR,Other,Purchase,AT
1000647,K000024,2026-03-06 00:00:00,3438.81,CZK,Restaurants,Purchase,CZ
1000648,K000024,2026-04-05 00:00:00,-796.02,CZK,,Refund,CZ
1000649,K000024,2026-01-05 00:00:00,631.32,CZK,Fuel,Purchase,CZ
1000650,K000024,2026-03-19 00:00:00,946.93,CZK,Other,Purchase,CZ
1000651,K000024,2026-04-06 00:00:00,252.82,CZK,Restaurants,Purchase,CZ
1000652,K000024,2026-01-14 00:00:00,2631.06,CZK,Entertainment,Purchase,CZ
1000653,K000024,2026-05-22 00:00:00,-1701.99,CZK,Travel,Refund,DE
1000654,K000024,2026-01-26 00:00:00,286.55,CZK,Entertainment,Purchase,CZ
1000655,K000024,2026-04-14 00:00:00,2506.0,CZK,Restaurants,Purchase,CZ
1000656,K000024,2026-05-05 00:00:00,3128.27,EUR,Restaurants,Purchase,DE
1000657,K000024,2026-03-26 00:00:00,618.61,CZK,Healthcare,Purchase,CZ
1000658,K000025,2026-01-11 00:00:00,-429.26,CZK,Fuel,Refund,CZ
1000659,K000025,2026-05-26 00:00:00,3964.55,CZK,Other,Purchase,CZ
1000660,K000025,2026-02-26 00:00:00,2706.82,CZK,Entertainment,Purchase,CZ
1000661,K000025,2026-04-06 00:00:00,2256.35,CZK,Entertainment,Purchase,CZ
1000662,K000025,2026-03-25 00:00:00,2880.43,CZK,Electronics,Purchase,CZ
1000663,K000025,2026-01-06 00:00:00,2059.9,CZK,Healthcare,Purchase,CZ
1000664,K000025,2026-06-01 00:00:00,3305.07,CZK,Electronics,Purchase,CZ
1000665,K000025,2026-03-05 00:00:00,-1409.89,CZK,Healthcare,Refund,CZ
1000666,K000025,2026-03-26 00:00:00,1950.64,EUR,Entertainment,Purchase,SK
1000667,K000025,2026-04-14 00:00:00,170.85,CZK,Electronics,Purchase,CZ
1000668,K000025,2026-05-06 00:00:00,3405.33,CZK,Fuel,Purchase,CZ
1000669,K000025,2026-06-03 00:00:00,1456.27,CZK,Fuel,Withdrawal,CZ
1000670,K000025,2026-05-07 00:00:00,7125.14,CZK,Other,Withdrawal,CZ
1000671,K000025,2026-02-04 00:00:00,2758.36,CZK,Restaurants,Purchase,CZ
1000672,K000025,2026-03-21 00:00:00,-210.57,EUR,,Refund,DE
1000673,K000025,2026-05-06 00:00:00,3355.56,CZK,Fuel,Purchase,CZ
1000674,K000025,2026-06-05 00:00:00,5391.47,CZK,Travel,Withdrawal,CZ
1000675,K000025,2026-03-28 00:00:00,3908.14,CZK,Healthcare,Withdrawal,CZ
1000676,K000025,2026-03-02 00:00:00,1872.08,CZK,Groceries,Purchase,CZ
1000677,K000026,2026-02-07 00:00:00,2904.94,CZK,Entertainment,Purchase,CZ
1000678,K000026,2026-05-04 00:00:00,-1353.13,EUR,Travel,Refund,DE
1000679,K000026,2026-06-17 00:00:00,1413.09,CZK,Travel,Purchase,CZ
1000680,K000026,2026-05-08 00:00:00,2851.11,CZK,Entertainment,Purchase,CZ
1000681,K000026,2026-04-19 00:00:00,-1154.81,CZK,,Refund,CZ
1000682,K000026,2026-03-06 00:00:00,3678.28,CZK,Other,Withdrawal,DE
1000683,K000026,2026-04-17 00:00:00,2859.89,CZK,Groceries,Purchase,CZ
1000684,K000026,2026-05-09 00:00:00,2651.73,CZK,Healthcare,Purchase,CZ
1000685,K000026,2026-06-01 00:00:00,3090.36,CZK,Travel,Purchase,CZ
1000686,K000026,2026-04-27 00:00:00,2377.82,EUR,Healthcare,Purchase,DE
1000687,K000026,2026-06-01 00:00:00,2625.62,CZK,Travel,Purchase,CZ
1000688,K000026,2026-01-02 00:00:00,3294.95,CZK,,Purchase,CZ
1000689,K000027,2026-03-12 00:00:00,1696.18,CZK,Travel,Purchase,CZ
1000690,K000027,2026-06-19 00:00:00,2159.66,EUR,Electronics,Purchase,PL
1000691,K000027,2026-02-15 00:00:00,1746.53,CZK,Other,Purchase,CZ
1000692,K000027,2026-02-03 00:00:00,1065.52,CZK,Fuel,Purchase,CZ
1000693,K000027,2026-03-15 00:00:00,2574.14,CZK,Restaurants,Purchase,CZ
1000694,K000027,2026-01-01 00:00:00,7705.25,CZK,Other,Withdrawal,CZ
1000695,K000027,2026-05-09 00:00:00,2688.59,CZK,Restaurants,Purchase,CZ
1000696,K000027,2026-04-10 00:00:00,122.0,CZK,Restaurants,Purchase,DE
1000697,K000027,2026-03-29 00:00:00,816.97,CZK,Entertainment,Purchase,CZ
1000698,K000028,2026-04-21 00:00:00,4323.36,CZK,Other,Withdrawal,CZ
1000699,K000028,2026-01-18 00:00:00,-1572.49,CZK,Entertainment,Refund,CZ
1000700,K000028,2026-02-20 00:00:00,2305.21,CZK,Entertainment,Purchase,CZ
1000701,K000028,2026-04-17 00:00:00,1309.64,CZK,Restaurants,Withdrawal,CZ
1000702,K000028,2026-05-02 00:00:00,3058.26,CZK,Entertainment,Purchase,CZ
1000703,K000028,2026-05-18 00:00:00,1021.67,CZK,Fuel,Withdrawal,CZ
1000704,K000028,2026-04-08 00:00:00,9822.45,CZK,Other,Withdrawal,CZ
1000705,K000028,2026-03-18 00:00:00,-689.12,CZK,Restaurants,Refund,CZ
1000706,K000028,2026-01-25 00:00:00,538.72,CZK,Restaurants,Purchase,CZ
1000707,K000028,2026-03-12 00:00:00,2188.16,CZK,Travel,Purchase,AT
1000708,K000028,2026-04-14 00:00:00,1383.19,CZK,Fuel,Withdrawal,CZ
1000709,K000028,2026-05-31 00:00:00,1903.43,CZK,Travel,Purchase,CZ
1000710,K000028,2026-05-24 00:00:00,2611.52,CZK,Groceries,Purchase,CZ
1000711,K000028,2026-02-02 00:00:00,6983.26,CZK,Travel,Withdrawal,CZ
1000712,K000028,2026-02-18 00:00:00,883.48,CZK,Travel,Purchase,CZ
1000713,K000028,2026-04-14 00:00:00,1113.97,CZK,Healthcare,Purchase,CZ
1000714,K000028,2028-06-13 00:00:00,805.1,CZK,Fuel,Purchase,CZ
1000715,K000028,2026-05-29 00:00:00,2858.72,CZK,Groceries,Purchase,CZ
1000716,K000028,2026-06-25 00:00:00,3839.63,CZK,Restaurants,Purchase,CZ
1000717,K000028,2026-01-04 00:00:00,620.32,CZK,Entertainment,Purchase,CZ
1000718,K000028,2026-04-16 00:00:00,1801.48,CZK,Electronics,Purchase,CZ
1000719,K000028,2026-02-18 00:00:00,-903.03,CZK,Fuel,Refund,CZ
1000720,K000028,2026-01-16 00:00:00,486.15,CZK,Fuel,Purchase,CZ
1000721,K000028,2026-01-04 00:00:00,2366.61,CZK,Other,Purchase,CZ
1000722,K000028,2026-03-12 00:00:00,1947.38,CZK,Electronics,Purchase,CZ
1000723,K000028,2026-04-09 00:00:00,2585.46,CZK,Entertainment,Purchase,CZ
1000724,K000028,2026-06-26 00:00:00,3207.87,CZK,,Purchase,CZ
1000725,K000028,2026-01-28 00:00:00,1014.96,CZK,Fuel,Purchase,CZ
1000726,K000028,2026-05-16 00:00:00,3085.55,CZK,Entertainment,Purchase,CZ
1000727,K000029,2026-02-17 00:00:00,4536.06,CZK,Electronics,Withdrawal,CZ
1000728,K000029,2026-06-21 00:00:00,1550.69,CZK,Entertainment,Purchase,CZ
1000729,K000029,2026-03-28 00:00:00,1367.05,CZK,Groceries,Purchase,CZ
1000730,K000029,2026-01-27 00:00:00,3472.88,CZK,Restaurants,Purchase,CZ
1000731,K000029,2026-05-21 00:00:00,897.41,CZK,Groceries,Purchase,PL
1000732,K000029,2026-03-13 00:00:00,875.88,CZK,Restaurants,Purchase,CZ
1000733,K000029,2026-03-06 00:00:00,3055.6,CZK,Fuel,Purchase,CZ
1000734,K000029,2026-01-02 00:00:00,1676.65,CZK,Electronics,Purchase,AT
1000735,K000029,2026-04-20 00:00:00,5784.73,CZK,Groceries,Withdrawal,CZ
1000736,K000029,2026-02-19 00:00:00,228.56,CZK,Electronics,Purchase,CZ
1000737,K000029,2026-04-28 00:00:00,581.33,CZK,Electronics,Purchase,CZ
1000738,K000029,2026-03-18 00:00:00,3609.57,CZK,,Purchase,CZ
1000739,K000029,2026-05-17 00:00:00,1530.98,CZK,Fuel,Withdrawal,CZ
1000740,K000029,2026-04-22 00:00:00,2869.1,CZK,Entertainment,Purchase,CZ
1000741,K000029,2026-02-10 00:00:00,3816.79,CZK,Other,Purchase,CZ
1000742,K000029,2026-03-08 00:00:00,7832.19,CZK,Healthcare,Withdrawal,CZ
1000743,K000029,2026-04-30 00:00:00,2793.34,CZK,Restaurants,Purchase,CZ
1000744,K000030,2026-06-16 00:00:00,1001.9,CZK,Fuel,Withdrawal,CZ
1000745,K000030,2026-01-13 00:00:00,342.98,CZK,Restaurants,Purchase,CZ
1000746,K000030,2026-03-27 00:00:00,1739.5,CZK,Electronics,Purchase,CZ
1000747,K000030,2026-01-23 00:00:00,1717.38,CZK,Entertainment,Purchase,CZ
1000748,K000030,2026-06-24 00:00:00,180.77,CZK,,Purchase,CZ
1000749,K000030,2026-01-07 00:00:00,2981.68,CZK,Electronics,Purchase,CZ
1000750,K000030,2026-01-26 00:00:00,1517.58,CZK,Groceries,Purchase,CZ
1000751,K000030,2026-04-01 00:00:00,3661.32,CZK,Travel,Purchase,CZ
1000752,K000030,2026-05-20 00:00:00,1933.27,CZK,Restaurants,Purchase,CZ
1000753,K000030,2026-03-15 00:00:00,1548.81,CZK,Groceries,Purchase,CZ
1000754,K000030,2026-01-13 00:00:00,4090.01,CZK,Travel,Withdrawal,CZ
1000755,K000030,2026-04-14 00:00:00,639.63,CZK,Entertainment,Purchase,CZ
1000756,K000030,2026-01-13 00:00:00,2328.46,CZK,Groceries,Purchase,CZ
1000757,K000030,2026-01-14 00:00:00,3431.3,CZK,Groceries,Purchase,CZ
1000758,K000030,2026-06-12 00:00:00,1107.85,CZK,Healthcare,Purchase,CZ
1000759,K000030,2026-05-16 00:00:00,-1490.09,CZK,Fuel,Refund,CZ
1000760,K000030,2026-05-02 00:00:00,815.73,CZK,Restaurants,Purchase,CZ
1000761,K000030,2026-03-04 00:00:00,1630.33,CZK,Travel,Purchase,CZ
1000762,K000030,2026-02-10 00:00:00,2882.11,CZK,Healthcare,Purchase,CZ
1000763,K000030,2026-03-21 00:00:00,8309.35,CZK,Healthcare,Withdrawal,CZ
1000764,K000030,2026-04-06 00:00:00,1642.95,CZK,Entertainment,Purchase,CZ
1000765,K000030,2026-02-17 00:00:00,7427.84,CZK,Travel,Withdrawal,CZ
1000766,K000030,2026-03-13 00:00:00,-1084.19,CZK,,Refund,CZ
1000767,K000030,2026-01-28 00:00:00,2099.05,CZK,Fuel,Purchase,CZ
1000768,K000030,2026-01-16 00:00:00,277.22,CZK,Electronics,Purchase,CZ
1000769,K000030,2026-04-01 00:00:00,1294.54,CZK,Electronics,Purchase,CZ
1000770,K000030,2026-01-27 00:00:00,2128.54,CZK,Groceries,Purchase,CZ
1000771,K000030,2026-02-20 00:00:00,832.06,EUR,Entertainment,Purchase,SK
1000772,K000030,2026-01-09 00:00:00,-1243.16,EUR,Entertainment,Refund,SK
1000773,K000030,2026-05-09 00:00:00,-5482.5,CZK,Electronics,Withdrawal,CZ
1000774,K000031,2026-05-31 00:00:00,2221.47,CZK,Groceries,Purchase,CZ
1000775,K000031,2026-04-07 00:00:00,3006.93,CZK,Restaurants,Withdrawal,PL
1000776,K000031,2026-06-08 00:00:00,1415.88,CZK,Restaurants,Purchase,CZ
1000777,K000031,2026-05-15 00:00:00,2179.96,CZK,Other,Purchase,CZ
1000778,K000031,2026-01-07 00:00:00,-429.68,CZK,Electronics,Refund,CZ
1000779,K000031,2026-05-10 00:00:00,1374.01,CZK,Groceries,Purchase,CZ
1000780,K000032,2026-02-03 00:00:00,-133.56,CZK,,Refund,CZ
1000781,K000032,2026-03-02 00:00:00,3866.84,CZK,Restaurants,Purchase,CZ
1000782,K000032,2026-02-02 00:00:00,216.53,CZK,Electronics,Purchase,CZ
1000783,K000032,2026-04-12 00:00:00,759.06,CZK,Entertainment,Withdrawal,DE
1000784,K000032,2026-02-14 00:00:00,255.61,CZK,Healthcare,Purchase,CZ
1000785,K000032,2026-05-05 00:00:00,2267.41,CZK,Travel,Purchase,CZ
1000786,K000032,2026-01-11 00:00:00,547.11,CZK,Electronics,Withdrawal,CZ
1000787,K000032,2026-03-02 00:00:00,-1486.48,CZK,Electronics,Refund,CZ
1000788,K000032,2026-04-06 00:00:00,2684.75,CZK,Groceries,Purchase,CZ
1000789,K000032,2026-05-25 00:00:00,3214.76,CZK,,Withdrawal,AT
1000790,K000032,2026-04-14 00:00:00,2522.55,CZK,Healthcare,Purchase,CZ
1000791,K000032,2026-06-18 00:00:00,3050.0,CZK,Other,Purchase,CZ
1000792,K000032,2026-05-14 00:00:00,6003.16,CZK,Fuel,Withdrawal,CZ
1000793,K000032,2026-01-27 00:00:00,1272.89,CZK,Electronics,Purchase,DE
1000794,K000032,2026-02-17 00:00:00,3877.98,CZK,Groceries,Purchase,CZ
1000795,K000032,2026-01-06 00:00:00,514.98,CZK,Groceries,Purchase,CZ
1000796,K000032,2026-02-14 00:00:00,-1462.58,CZK,Entertainment,Refund,CZ
1000797,K000032,2026-05-14 00:00:00,119.12,CZK,Groceries,Purchase,CZ
1000798,K000032,2026-04-15 00:00:00,-1154.22,CZK,,Refund,CZ
1000799,K000032,2026-02-07 00:00:00,2722.39,CZK,Healthcare,Purchase,CZ
1000800,K000032,2026-03-30 00:00:00,-472.43,CZK,Restaurants,Refund,CZ
1000801,K000032,2026-06-25 00:00:00,3480.1,CZK,Restaurants,Withdrawal,CZ
1000802,K000032,2026-02-19 00:00:00,2371.06,CZK,Travel,Purchase,CZ
1000803,K000033,2026-01-08 00:00:00,75.73,CZK,Healthcare,Purchase,PL
1000804,K000033,2026-01-15 00:00:00,5287.04,CZK,Entertainment,Withdrawal,CZ
1000805,K000033,2026-01-07 00:00:00,271.15,CZK,Restaurants,Purchase,CZ
1000806,K000033,2026-03-24 00:00:00,8697.54,CZK,Other,Withdrawal,CZ
1000807,K000033,2026-06-10 00:00:00,2568.14,CZK,Other,Purchase,CZ
1000808,K000033,2026-03-14 00:00:00,4765.74,CZK,Healthcare,Withdrawal,CZ
1000809,K000033,2026-06-02 00:00:00,413.67,CZK,Other,Purchase,SK
1000810,K000034,2026-06-04 00:00:00,1619.25,CZK,Restaurants,Purchase,DE
1000811,K000034,2026-04-27 00:00:00,3728.98,CZK,Electronics,Purchase,CZ
1000812,K000034,2026-04-13 00:00:00,-955.3,CZK,Fuel,Refund,CZ
1000813,K000034,2026-01-21 00:00:00,914.54,CZK,Entertainment,Purchase,CZ
1000814,K000035,2026-05-20 00:00:00,802.03,CZK,Travel,Purchase,CZ
1000815,K000035,2026-06-01 00:00:00,2336.29,CZK,Travel,Purchase,CZ
1000816,K000035,2026-01-25 00:00:00,-511.19,CZK,Restaurants,Refund,CZ
1000817,K000035,2026-05-17 00:00:00,-1494.79,CZK,Fuel,Refund,CZ
1000818,K000035,2026-02-11 00:00:00,3291.51,CZK,Electronics,Purchase,CZ
1000819,K000035,2026-04-18 00:00:00,3327.5,CZK,Other,Purchase,CZ
1000820,K000035,2026-04-20 00:00:00,3512.74,CZK,Entertainment,Purchase,CZ
1000821,K000035,2026-03-28 00:00:00,2968.2,CZK,Healthcare,Purchase,CZ
1000822,K000035,2026-01-31 00:00:00,3450.57,CZK,Fuel,Purchase,CZ
1000823,K000035,2026-01-04 00:00:00,617.34,CZK,Electronics,Purchase,CZ
1000824,K000035,2026-03-25 00:00:00,3500.13,EUR,Other,Purchase,AT
1000825,K000035,2026-05-26 00:00:00,3091.86,CZK,Fuel,Purchase,CZ
1000826,K000035,2026-04-12 00:00:00,-1137.18,CZK,Electronics,Refund,CZ
1000827,K000035,2026-06-05 00:00:00,113.86,CZK,Groceries,Purchase,CZ
1000828,K000035,2026-01-09 00:00:00,3374.97,CZK,Travel,Purchase,CZ
1000829,K000035,2026-03-16 00:00:00,3708.35,CZK,Restaurants,Withdrawal,CZ
1000830,K000035,2026-03-14 00:00:00,1858.65,CZK,Other,Purchase,CZ
1000831,K000035,2026-02-15 00:00:00,1592.46,CZK,Fuel,Purchase,CZ
1000832,K000035,2026-06-07 00:00:00,9653.47,CZK,Other,Withdrawal,CZ
1000833,K000035,2026-05-17 00:00:00,2513.38,CZK,Fuel,Purchase,CZ
1000834,K000035,2026-02-03 00:00:00,3977.06,CZK,Entertainment,Purchase,CZ
1000835,K000035,2026-01-01 00:00:00,3180.0,CZK,Groceries,Purchase,CZ
1000836,K000035,2026-04-03 00:00:00,2758.17,CZK,Restaurants,Purchase,CZ
1000837,K000035,2026-05-19 00:00:00,1529.39,CZK,Healthcare,Purchase,CZ
1000838,K000035,2026-04-11 00:00:00,6308.18,CZK,Fuel,Withdrawal,CZ
1000839,K000035,2026-05-28 00:00:00,2610.87,CZK,Restaurants,Withdrawal,CZ
1000840,K000035,2026-02-12 00:00:00,1345.13,CZK,Other,Purchase,CZ
1000841,K000035,2026-03-29 00:00:00,1644.42,CZK,Electronics,Purchase,CZ
1000842,K000035,2026-06-05 00:00:00,9426.0,CZK,Entertainment,Withdrawal,CZ
1000843,K000035,2026-06-15 00:00:00,-1901.68,CZK,,Refund,CZ
1000844,K000035,2026-05-05 00:00:00,816.93,EUR,Restaurants,Purchase,SK
1000845,K000035,2026-06-03 00:00:00,3340.45,CZK,Groceries,Purchase,CZ
1000846,K000035,2026-04-04 00:00:00,1209.92,CZK,Electronics,Purchase,CZ
1000847,K000035,2026-02-14 00:00:00,1706.96,CZK,Restaurants,Purchase,CZ
1000848,K000035,2026-04-20 00:00:00,3841.21,CZK,Restaurants,Purchase,CZ
1000849,K000035,2026-01-23 00:00:00,1562.58,CZK,Other,Purchase,CZ
1000850,K000036,2029-03-01 00:00:00,3386.57,CZK,Entertainment,Purchase,CZ
1000851,K000036,2026-02-05 00:00:00,-1562.93,CZK,Healthcare,Refund,CZ
1000852,K000036,2026-04-26 00:00:00,711.98,EUR,Entertainment,Purchase,AT
1000853,K000036,2026-05-31 00:00:00,3514.61,CZK,Fuel,Withdrawal,CZ
1000854,K000037,2026-06-07 00:00:00,4567.02,CZK,Groceries,Withdrawal,CZ
1000855,K000037,2026-01-11 00:00:00,956.81,CZK,Electronics,Purchase,CZ
1000856,K000038,2026-03-25 00:00:00,1392.72,CZK,Healthcare,Purchase,CZ
1000857,K000038,2026-02-16 00:00:00,2103.25,CZK,Other,Purchase,CZ
1000858,K000038,2026-06-26 00:00:00,7993.86,CZK,Healthcare,Withdrawal,CZ
1000859,K000038,2026-01-02 00:00:00,2968.06,CZK,Electronics,Purchase,SK
1000860,K000038,2026-02-14 00:00:00,578.22,CZK,Fuel,Purchase,CZ
1000861,K000038,2026-06-15 00:00:00,282.99,CZK,Electronics,Purchase,CZ
1000862,K000038,2026-05-06 00:00:00,1412.78,CZK,Healthcare,Purchase,CZ
1000863,K000038,2026-01-23 00:00:00,1432.85,CZK,Entertainment,Purchase,CZ
1000864,K000038,2026-03-10 00:00:00,2306.31,CZK,Restaurants,Purchase,CZ
1000865,K000038,2026-06-21 00:00:00,1002.3,CZK,Fuel,Purchase,CZ
1000866,K000038,2026-01-31 00:00:00,2765.56,CZK,Electronics,Purchase,DE
1000867,K000038,2026-03-25 00:00:00,2289.15,EUR,Fuel,Purchase,PL
1000868,K000039,2026-06-13 00:00:00,984.0,CZK,Electronics,Purchase,CZ
1000869,K000039,2026-05-19 00:00:00,-570.22,CZK,Other,Refund,CZ
1000870,K000039,2026-05-07 00:00:00,1026.18,CZK,Travel,Purchase,CZ
1000871,K000039,2026-05-08 00:00:00,3578.42,CZK,Other,Purchase,CZ
1000872,K000039,2026-05-27 00:00:00,1357.88,CZK,Other,Purchase,CZ
1000873,K000039,2026-02-24 00:00:00,1813.62,CZK,Electronics,Withdrawal,CZ
1000874,K000039,2026-01-08 00:00:00,2930.35,CZK,Electronics,Purchase,CZ
1000875,K000039,2026-01-12 00:00:00,3252.79,CZK,Other,Purchase,CZ
1000876,K000039,2026-02-23 00:00:00,985.34,CZK,Groceries,Purchase,CZ
1000877,K000040,2026-03-19 00:00:00,3267.96,CZK,Restaurants,Purchase,CZ
1000878,K000040,2026-03-30 00:00:00,5919.9,CZK,Fuel,Withdrawal,CZ
1000879,K000041,2026-05-31 00:00:00,835.42,CZK,Electronics,Purchase,CZ
1000880,K000042,2026-01-02 00:00:00,881.15,CZK,Restaurants,Purchase,CZ
1000881,K000042,2026-01-13 00:00:00,868.62,CZK,Other,Purchase,CZ
1000882,K000042,2026-06-19 00:00:00,2996.78,CZK,Healthcare,Purchase,CZ
1000883,K000042,2026-02-16 00:00:00,4741.66,CZK,Other,Withdrawal,DE
1000884,K000042,2026-01-10 00:00:00,1382.39,CZK,Other,Purchase,CZ
1000885,K000042,2026-06-20 00:00:00,3069.22,CZK,Travel,Purchase,CZ
1000886,K000042,2026-05-23 00:00:00,-1381.76,CZK,Fuel,Purchase,CZ
1000887,K000042,2026-03-15 00:00:00,6118.31,CZK,Entertainment,Withdrawal,CZ
1000888,K000042,2028-04-19 00:00:00,5904.27,CZK,Other,Withdrawal,CZ
1000889,K000042,2026-01-25 00:00:00,1138.07,CZK,Entertainment,Purchase,CZ
1000890,K000042,2026-04-10 00:00:00,3393.05,CZK,Fuel,Purchase,CZ
1000891,K000042,2026-05-04 00:00:00,689.72,CZK,Groceries,Purchase,CZ
1000892,K000042,2026-06-08 00:00:00,1311.05,CZK,Healthcare,Withdrawal,CZ
1000893,K000042,2026-02-02 00:00:00,-258.73,CZK,Fuel,Refund,CZ
1000894,K000042,2026-06-25 00:00:00,2855.81,CZK,Restaurants,Purchase,CZ
1000895,K000042,2026-04-03 00:00:00,3085.23,CZK,Travel,Purchase,CZ
1000896,K000042,2026-04-05 00:00:00,3806.31,CZK,Electronics,Withdrawal,CZ
1000897,K000043,2026-02-05 00:00:00,224.29,CZK,Restaurants,Purchase,CZ
1000898,K000043,2026-01-07 00:00:00,1624.62,CZK,Fuel,Purchase,CZ
1000899,K000043,2026-01-11 00:00:00,2920.71,CZK,Groceries,Purchase,CZ
1000900,K000043,2026-01-28 00:00:00,822.17,CZK,Electronics,Purchase,CZ
1000901,K000043,2026-02-28 00:00:00,3487.41,CZK,Travel,Purchase,CZ
1000902,K000043,2026-02-21 00:00:00,735.51,CZK,Entertainment,Withdrawal,CZ
1000903,K000043,2026-04-20 00:00:00,-525.96,CZK,Electronics,Purchase,CZ
1000904,K000043,2026-02-10 00:00:00,8951.55,CZK,Entertainment,Withdrawal,CZ
1000905,K000043,2026-05-15 00:00:00,1926.26,CZK,Healthcare,Purchase,CZ
1000906,K000043,2026-01-26 00:00:00,148.49,CZK,Other,Purchase,CZ
1000907,K000043,2026-06-20 00:00:00,127.61,CZK,Restaurants,Purchase,CZ
1000908,K000044,2026-05-27 00:00:00,2845.53,CZK,Travel,Purchase,CZ
1000909,K000044,2026-05-09 00:00:00,3329.02,CZK,Healthcare,Purchase,CZ
1000910,K000044,2026-05-16 00:00:00,834.72,CZK,Healthcare,Purchase,CZ
1000911,K000044,2026-05-23 00:00:00,-1913.13,CZK,Groceries,Refund,CZ
1000912,K000044,2026-05-27 00:00:00,7740.85,CZK,Travel,Withdrawal,CZ
1000913,K000044,2026-01-30 00:00:00,2860.37,CZK,Healthcare,Purchase,CZ
1000914,K000044,2026-06-19 00:00:00,2086.51,CZK,Fuel,Purchase,CZ
1000915,K000044,2026-04-16 00:00:00,2654.09,CZK,Travel,Purchase,CZ
1000916,K000044,2026-05-20 00:00:00,3016.16,CZK,Other,Purchase,SK
1000917,K000044,2026-04-24 00:00:00,2522.54,CZK,Groceries,Purchase,CZ
1000918,K000044,2026-01-19 00:00:00,3389.08,CZK,Other,Withdrawal,AT
1000919,K000044,2026-05-27 00:00:00,3733.4,CZK,Groceries,Purchase,CZ
1000920,K000044,2026-01-12 00:00:00,420.1,CZK,Healthcare,Purchase,CZ
1000921,K000044,2026-03-18 00:00:00,6845.85,CZK,Other,Withdrawal,CZ
1000922,K000044,2026-06-01 00:00:00,1722.72,CZK,Healthcare,Purchase,CZ
1000923,K000044,2026-06-21 00:00:00,220.38,EUR,Travel,Purchase,SK
1000924,K000044,2026-01-29 00:00:00,2229.8,CZK,Electronics,Purchase,CZ
1000925,K000044,2026-04-07 00:00:00,-1183.02,CZK,Healthcare,Refund,CZ
1000926,K000044,2026-06-13 00:00:00,-1418.92,CZK,Healthcare,Refund,CZ
1000927,K000044,2026-03-09 00:00:00,2071.22,CZK,Fuel,Purchase,CZ
1000928,K000044,2026-01-27 00:00:00,-743.36,CZK,Healthcare,Refund,CZ
1000929,K000044,2028-12-12 00:00:00,-1568.4,CZK,Electronics,Refund,CZ
1000930,K000045,2026-02-05 00:00:00,3950.72,CZK,Restaurants,Purchase,CZ
1000931,K000045,2026-06-09 00:00:00,3994.91,CZK,Electronics,Purchase,CZ
1000932,K000045,2026-06-03 00:00:00,-1752.61,CZK,Electronics,Refund,CZ
1000933,K000045,2026-04-15 00:00:00,-135.39,CZK,Restaurants,Refund,CZ
1000934,K000045,2026-01-06 00:00:00,-1513.43,CZK,Restaurants,Refund,CZ
1000935,K000045,2026-06-16 00:00:00,1130.72,CZK,Restaurants,Purchase,CZ
1000936,K000045,2026-05-04 00:00:00,1071.83,CZK,Groceries,Purchase,CZ
1000937,K000045,2026-01-01 00:00:00,432.75,CZK,Restaurants,Purchase,CZ
1000938,K000045,2026-03-25 00:00:00,1537.3,CZK,Electronics,Purchase,CZ
1000939,K000045,2026-05-29 00:00:00,1280.88,CZK,Restaurants,Purchase,CZ
1000940,K000045,2026-05-31 00:00:00,968.36,CZK,Fuel,Withdrawal,CZ
1000941,K000045,2026-06-25 00:00:00,3718.56,CZK,Restaurants,Purchase,CZ
1000942,K000045,2026-01-21 00:00:00,3338.47,CZK,Healthcare,Purchase,CZ
1000943,K000045,2026-03-22 00:00:00,1694.75,CZK,Entertainment,Withdrawal,CZ
1000944,K000045,2028-07-07 00:00:00,2622.74,CZK,Travel,Purchase,CZ
1000945,K000045,2026-03-17 00:00:00,1132.19,CZK,Healthcare,Purchase,CZ
1000946,K000045,2026-04-16 00:00:00,689.23,CZK,Entertainment,Purchase,CZ
1000947,K000045,2026-04-04 00:00:00,3575.23,CZK,Travel,Purchase,CZ
1000948,K000045,2026-02-26 00:00:00,774.47,CZK,Entertainment,Withdrawal,CZ
1000949,K000045,2026-04-14 00:00:00,2251.09,CZK,Groceries,Withdrawal,CZ
1000950,K000045,2026-06-11 00:00:00,-3705.14,CZK,Healthcare,Purchase,CZ
1000951,K000045,2026-02-17 00:00:00,3854.95,CZK,Other,Purchase,CZ
1000952,K000045,2026-05-02 00:00:00,6326.09,CZK,Fuel,Withdrawal,CZ
1000953,K000045,2026-01-26 00:00:00,-1031.55,CZK,Healthcare,Refund,SK
1000954,K000045,2026-01-28 00:00:00,-988.34,CZK,Electronics,Refund,CZ
1000955,K000045,2026-02-14 00:00:00,-915.97,CZK,,Refund,CZ
1000956,K000045,2026-04-25 00:00:00,1089.33,CZK,Restaurants,Purchase,CZ
1000957,K000045,2026-01-29 00:00:00,953.79,CZK,Electronics,Purchase,CZ
1000958,K000045,2026-05-31 00:00:00,1871.76,CZK,Fuel,Purchase,CZ
1000959,K000045,2026-03-09 00:00:00,2703.41,CZK,Entertainment,Purchase,CZ
1000960,K000045,2026-04-03 00:00:00,1745.49,CZK,Other,Purchase,CZ
1000961,K000045,2026-02-07 00:00:00,602.78,CZK,Other,Purchase,CZ
1000962,K000046,2026-06-07 00:00:00,3271.62,CZK,Healthcare,Purchase,CZ
1000963,K000046,2026-03-04 00:00:00,707.11,CZK,Healthcare,Purchase,CZ
1000964,K000046,2026-01-19 00:00:00,2194.46,EUR,Healthcare,Purchase,SK
1000965,K000046,2026-03-26 00:00:00,3977.6,CZK,Fuel,Purchase,CZ
1000966,K000046,2026-02-28 00:00:00,612.25,CZK,Restaurants,Withdrawal,CZ
1000967,K000046,2026-04-12 00:00:00,3624.76,CZK,Fuel,Purchase,CZ
1000968,K000046,2026-03-07 00:00:00,3312.11,CZK,Entertainment,Purchase,CZ
1000969,K000046,2026-05-02 00:00:00,3147.9,CZK,Entertainment,Purchase,CZ
1000970,K000046,2026-06-02 00:00:00,2034.24,CZK,Healthcare,Purchase,CZ
1000971,K000046,2026-05-26 00:00:00,2082.25,CZK,Groceries,Purchase,CZ
1000972,K000046,2026-03-22 00:00:00,1943.4,CZK,Fuel,Purchase,CZ
1000973,K000046,2026-03-01 00:00:00,9871.71,CZK,Travel,Withdrawal,CZ
1000974,K000046,2026-02-03 00:00:00,2389.95,CZK,Restaurants,Purchase,CZ
1000975,K000046,2026-01-29 00:00:00,1597.99,CZK,Electronics,Purchase,SK
1000976,K000046,2026-02-12 00:00:00,641.58,CZK,Groceries,Withdrawal,CZ
1000977,K000046,2026-05-14 00:00:00,228.97,CZK,Other,Purchase,CZ
1000978,K000046,2026-02-01 00:00:00,2298.83,EUR,Groceries,Withdrawal,DE
1000979,K000046,2026-03-23 00:00:00,-1199.78,CZK,Travel,Refund,CZ
1000980,K000046,2026-05-21 00:00:00,1664.24,CZK,Restaurants,Purchase,CZ
1000981,K000046,2026-02-20 00:00:00,-9201.99,EUR,Travel,Withdrawal,PL
1000982,K000046,2026-01-20 00:00:00,1771.85,CZK,Healthcare,Purchase,CZ
1000983,K000046,2026-01-19 00:00:00,1515.33,EUR,Electronics,Purchase,SK
1000984,K000046,2026-05-19 00:00:00,3693.46,CZK,Other,Purchase,CZ
1000985,K000046,2026-06-07 00:00:00,818.86,CZK,Fuel,Purchase,CZ
1000986,K000046,2026-05-26 00:00:00,2447.39,CZK,Healthcare,Purchase,CZ
1000987,K000046,2026-05-14 00:00:00,3980.28,CZK,Restaurants,Purchase,CZ
1000988,K000046,2026-04-05 00:00:00,3383.38,CZK,Groceries,Purchase,CZ
1000989,K000046,2026-03-02 00:00:00,1754.87,CZK,Other,Purchase,CZ
1000990,K000046,2026-06-11 00:00:00,2274.33,CZK,Groceries,Withdrawal,CZ
1000991,K000046,2026-05-27 00:00:00,-1578.73,CZK,Restaurants,Refund,CZ
1000992,K000046,2026-04-27 00:00:00,594.98,CZK,Restaurants,Purchase,CZ
1000993,K000046,2026-06-22 00:00:00,2453.78,CZK,Healthcare,Purchase,CZ
1000994,K000046,2026-02-11 00:00:00,2073.3,CZK,Travel,Purchase,CZ
1000995,K000046,2026-04-04 00:00:00,2236.53,CZK,Groceries,Purchase,CZ
1000996,K000046,2028-05-12 00:00:00,3386.03,CZK,Groceries,Purchase,SK
1000997,K000046,2026-06-11 00:00:00,3750.63,CZK,Fuel,Withdrawal,CZ
1000998,K000046,2026-02-04 00:00:00,751.62,CZK,Entertainment,Purchase,CZ
1000999,K000046,2026-03-13 00:00:00,2625.2,CZK,Fuel,Purchase,CZ
1001000,K000046,2026-04-26 00:00:00,-191.35,CZK,Entertainment,Refund,CZ
1001001,K000047,2026-01-16 00:00:00,3024.58,EUR,Entertainment,Purchase,DE
1001002,K000047,2026-01-28 00:00:00,369.44,CZK,Electronics,Purchase,PL
1001003,K000047,2026-05-26 00:00:00,329.98,CZK,Groceries,Purchase,CZ
1001004,K000047,2026-05-04 00:00:00,6709.64,CZK,Travel,Withdrawal,CZ
1001005,K000047,2026-03-25 00:00:00,3199.92,CZK,Electronics,Purchase,CZ
1001006,K000047,2026-04-16 00:00:00,3828.37,EUR,Restaurants,Purchase,DE
1001007,K000047,2026-02-21 00:00:00,3611.7,CZK,Travel,Purchase,CZ
1001008,K000047,2026-02-09 00:00:00,1642.96,CZK,Travel,Purchase,CZ
1001009,K000047,2026-04-03 00:00:00,8326.64,CZK,Healthcare,Withdrawal,CZ
1001010,K000048,2026-03-11 00:00:00,4754.14,CZK,Travel,Withdrawal,CZ
1001011,K000048,2026-05-19 00:00:00,748.66,CZK,Travel,Purchase,CZ
1001012,K000048,2026-02-05 00:00:00,1809.79,CZK,Groceries,Purchase,CZ
1001013,K000049,2026-06-08 00:00:00,1618.41,CZK,Groceries,Purchase,CZ
1001014,K000049,2026-05-19 00:00:00,217.9,CZK,Groceries,Purchase,CZ
1001015,K000049,2026-06-03 00:00:00,379.17,CZK,Healthcare,Purchase,CZ
1001016,K000049,2026-06-25 00:00:00,7189.52,CZK,Fuel,Withdrawal,CZ
1001017,K000049,2026-01-07 00:00:00,973.54,CZK,Restaurants,Purchase,CZ
1001018,K000049,2026-01-01 00:00:00,3609.41,CZK,Entertainment,Purchase,CZ
1001019,K000049,2026-01-16 00:00:00,3259.2,CZK,Restaurants,Purchase,CZ
1001020,K000049,2026-02-16 00:00:00,2761.25,CZK,Entertainment,Purchase,CZ
1001021,K000049,2026-03-14 00:00:00,3071.69,CZK,Other,Purchase,CZ
1001022,K000049,2026-01-13 00:00:00,1496.32,CZK,Restaurants,Purchase,CZ
1001023,K000049,2026-04-11 00:00:00,3880.85,CZK,,Purchase,CZ
1001024,K000049,2029-04-28 00:00:00,174.16,CZK,Travel,Purchase,CZ
1001025,K000049,2026-05-19 00:00:00,-1913.05,EUR,Fuel,Refund,AT
1001026,K000049,2026-03-04 00:00:00,230.53,CZK,Healthcare,Purchase,SK
1001027,K000049,2026-04-12 00:00:00,-1657.28,CZK,Other,Refund,CZ
1001028,K000049,2026-01-12 00:00:00,2792.83,CZK,Electronics,Purchase,CZ
1001029,K000049,2026-05-26 00:00:00,3946.87,CZK,,Purchase,CZ
1001030,K000049,2026-04-28 00:00:00,-3674.66,CZK,Entertainment,Withdrawal,CZ
1001031,K000049,2026-01-19 00:00:00,1057.66,CZK,Restaurants,Purchase,CZ
1001032,K000049,2026-03-07 00:00:00,2662.89,CZK,Electronics,Purchase,CZ
1001033,K000049,2026-03-20 00:00:00,2962.05,CZK,Healthcare,Purchase,CZ
1001034,K000049,2026-01-12 00:00:00,3838.35,CZK,Travel,Purchase,CZ
1001035,K000049,2026-02-08 00:00:00,918.78,CZK,Travel,Purchase,CZ
1001036,K000049,2026-03-27 00:00:00,5844.44,CZK,Entertainment,Withdrawal,CZ
1001037,K000049,2026-02-17 00:00:00,7825.13,EUR,Electronics,Withdrawal,DE
1001038,K000049,2026-06-21 00:00:00,1843.92,CZK,Restaurants,Withdrawal,CZ
1001039,K000049,2026-04-29 00:00:00,3633.96,CZK,Fuel,Purchase,CZ
1001040,K000049,2026-05-21 00:00:00,3831.87,CZK,Fuel,Purchase,CZ
1001041,K000049,2026-05-15 00:00:00,-1459.44,CZK,Healthcare,Refund,CZ
1001042,K000049,2026-01-29 00:00:00,1362.65,CZK,Entertainment,Purchase,CZ
1001043,K000049,2026-04-29 00:00:00,1557.79,CZK,Entertainment,Purchase,PL
1001044,K000049,2026-01-18 00:00:00,660.56,CZK,Fuel,Purchase,CZ
1001045,K000049,2026-03-12 00:00:00,261.01,CZK,Fuel,Purchase,CZ
1001046,K000050,2026-02-11 00:00:00,2479.42,CZK,Electronics,Purchase,CZ
1001047,K000050,2026-02-09 00:00:00,1974.74,CZK,Fuel,Purchase,SK
1001048,K000050,2026-04-18 00:00:00,7160.46,CZK,Groceries,Withdrawal,CZ
1001049,K000050,2026-06-12 00:00:00,2871.86,CZK,Fuel,Purchase,CZ
1001050,K000050,2026-05-08 00:00:00,3509.45,CZK,Groceries,Purchase,CZ
1001051,K000050,2026-02-03 00:00:00,235.79,CZK,Groceries,Purchase,CZ
1001052,K000050,2026-06-02 00:00:00,1865.42,CZK,Electronics,Purchase,CZ
1001053,K000050,2026-01-19 00:00:00,-224.83,CZK,Restaurants,Refund,CZ
1001054,K000050,2026-04-07 00:00:00,-1184.98,CZK,Groceries,Refund,CZ
1001055,K000050,2026-05-19 00:00:00,690.7,EUR,Electronics,Purchase,PL
1001056,K000050,2026-01-04 00:00:00,3544.95,CZK,Healthcare,Purchase,CZ
1001057,K000050,2026-01-11 00:00:00,654.24,CZK,Entertainment,Purchase,CZ
1001058,K000050,2026-03-19 00:00:00,2919.99,CZK,Healthcare,Withdrawal,CZ
1001059,K000050,2026-02-20 00:00:00,937.64,CZK,,Purchase,CZ
1001060,K000050,2026-04-07 00:00:00,717.33,CZK,Restaurants,Purchase,CZ
1001061,K000050,2026-02-07 00:00:00,592.91,CZK,Entertainment,Purchase,CZ
1001062,K000050,2026-02-08 00:00:00,6544.21,EUR,Other,Withdrawal,SK
1001063,K000050,2026-02-07 00:00:00,3291.61,CZK,Healthcare,Purchase,CZ
1001064,K000050,2026-02-21 00:00:00,579.21,EUR,Other,Purchase,DE
1001065,K000050,2026-06-20 00:00:00,1019.81,CZK,Groceries,Purchase,CZ
1001066,K000050,2026-03-03 00:00:00,8559.23,EUR,Entertainment,Withdrawal,AT
1001067,K000050,2026-04-30 00:00:00,1110.82,CZK,Travel,Purchase,CZ
1001068,K000050,2026-06-12 00:00:00,997.72,CZK,Travel,Purchase,CZ
1001069,K000050,2026-06-02 00:00:00,4593.63,CZK,Fuel,Withdrawal,CZ
1001070,K000050,2026-04-05 00:00:00,-1166.74,CZK,Travel,Refund,CZ
1001071,K000050,2026-03-29 00:00:00,1326.23,CZK,Healthcare,Purchase,CZ
1001072,K000050,2026-04-25 00:00:00,-76.42,CZK,Electronics,Refund,CZ
1001073,K000050,2026-05-31 00:00:00,3735.84,CZK,Travel,Purchase,CZ
1001074,K000050,2026-05-30 00:00:00,9439.11,CZK,Entertainment,Withdrawal,CZ
1001075,K000050,2026-02-24 00:00:00,2648.25,CZK,Groceries,Purchase,CZ
1001076,K000050,2026-06-15 00:00:00,1457.26,CZK,Restaurants,Purchase,CZ
1001077,K000050,2026-05-21 00:00:00,-597.66,CZK,Travel,Refund,CZ
1001078,K000050,2026-02-15 00:00:00,1869.59,CZK,Other,Purchase,CZ
1001079,K000050,2026-05-08 00:00:00,2610.01,CZK,,Purchase,CZ
1001080,K000050,2026-03-29 00:00:00,1839.22,CZK,Entertainment,Purchase,CZ
1001081,K000051,2026-04-30 00:00:00,-1309.13,CZK,Entertainment,Refund,CZ
1001082,K000051,2026-04-23 00:00:00,-766.6,CZK,Groceries,Refund,CZ
1001083,K000051,2026-02-08 00:00:00,555.69,CZK,Electronics,Purchase,CZ
1001084,K000051,2026-01-07 00:00:00,-1399.98,CZK,Healthcare,Refund,CZ
1001085,K000051,2026-06-10 00:00:00,188.58,CZK,Entertainment,Purchase,CZ
1001086,K000051,2026-02-09 00:00:00,2897.34,CZK,Other,Purchase,CZ
1001087,K000051,2026-03-30 00:00:00,-736.89,CZK,Electronics,Refund,DE
1001088,K000051,2026-02-08 00:00:00,2654.97,CZK,Fuel,Withdrawal,CZ
1001089,K000051,2026-04-04 00:00:00,7926.27,CZK,Fuel,Withdrawal,CZ
1001090,K000051,2026-04-20 00:00:00,-965.61,CZK,Other,Refund,CZ
1001091,K000051,2026-02-17 00:00:00,1647.54,CZK,Electronics,Withdrawal,CZ
1001092,K000051,2026-01-26 00:00:00,444.12,CZK,Electronics,Purchase,CZ
1001093,K000051,2026-05-23 00:00:00,404.08,EUR,Healthcare,Purchase,AT
1001094,K000051,2026-04-14 00:00:00,1087.49,CZK,Electronics,Purchase,DE
1001095,K000051,2026-02-11 00:00:00,2449.34,CZK,Fuel,Purchase,CZ
1001096,K000051,2026-06-20 00:00:00,3835.5,CZK,Entertainment,Purchase,CZ
1001097,K000051,2026-06-17 00:00:00,3593.5,CZK,Electronics,Purchase,CZ
1001098,K000052,2026-05-17 00:00:00,1992.52,CZK,Other,Purchase,CZ
1001099,K000052,2026-02-28 00:00:00,6705.41,CZK,,Withdrawal,CZ
1001100,K000052,2026-02-26 00:00:00,2059.44,CZK,Other,Purchase,CZ
1001101,K000052,2026-04-09 00:00:00,1930.77,CZK,Restaurants,Purchase,CZ
1001102,K000052,2026-06-10 00:00:00,2895.5,CZK,Entertainment,Purchase,CZ
1001103,K000052,2026-03-11 00:00:00,2326.12,CZK,Entertainment,Purchase,CZ
1001104,K000052,2026-05-08 00:00:00,3223.54,CZK,,Purchase,CZ
1001105,K000052,2026-02-10 00:00:00,5213.24,CZK,Fuel,Withdrawal,CZ
1001106,K000052,2026-02-21 00:00:00,9106.4,CZK,Other,Withdrawal,CZ
1001107,K000052,2026-05-25 00:00:00,1734.13,CZK,Fuel,Purchase,CZ
1001108,K000052,2026-06-16 00:00:00,3838.62,CZK,Other,Purchase,CZ
1001109,K000052,2026-04-18 00:00:00,871.62,CZK,Travel,Purchase,CZ
1001110,K000053,2026-01-24 00:00:00,794.09,CZK,Entertainment,Purchase,CZ
1001111,K000053,2026-02-01 00:00:00,323.55,CZK,Other,Purchase,CZ
1001112,K000053,2026-03-11 00:00:00,3690.56,CZK,Groceries,Purchase,CZ
1001113,K000053,2026-05-24 00:00:00,2678.26,CZK,Other,Purchase,CZ
1001114,K000054,2026-01-23 00:00:00,1422.86,CZK,Entertainment,Purchase,CZ
1001115,K000054,2026-04-15 00:00:00,1907.53,CZK,Travel,Purchase,CZ
1001116,K000054,2026-06-07 00:00:00,484.14,CZK,Fuel,Purchase,CZ
1001117,K000054,2026-04-08 00:00:00,1515.3,CZK,,Purchase,CZ
1001118,K000054,2026-01-29 00:00:00,2713.96,CZK,Restaurants,Purchase,CZ
1001119,K000054,2026-06-07 00:00:00,2260.38,CZK,Healthcare,Purchase,CZ
1001120,K000054,2026-03-14 00:00:00,3890.88,CZK,Travel,Purchase,CZ
1001121,K000054,2026-03-20 00:00:00,3400.85,CZK,Electronics,Withdrawal,CZ
1001122,K000054,2026-03-04 00:00:00,944.34,CZK,Travel,Purchase,CZ
1001123,K000054,2026-06-23 00:00:00,936.89,CZK,Fuel,Purchase,CZ
1001124,K000054,2026-05-03 00:00:00,2156.06,CZK,Travel,Purchase,CZ
1001125,K000054,2026-02-10 00:00:00,-1532.49,CZK,Fuel,Refund,CZ
1001126,K000054,2026-05-03 00:00:00,3413.92,CZK,Healthcare,Purchase,CZ
1001127,K000054,2026-05-01 00:00:00,854.28,CZK,Healthcare,Withdrawal,CZ
1001128,K000054,2026-04-08 00:00:00,2287.97,CZK,Entertainment,Purchase,CZ
1001129,K000054,2026-01-30 00:00:00,3440.96,CZK,Healthcare,Purchase,CZ
1001130,K000054,2026-05-30 00:00:00,9656.5,CZK,Restaurants,Withdrawal,DE
1001131,K000054,2026-03-08 00:00:00,2798.26,CZK,Restaurants,Purchase,CZ
1001132,K000054,2026-05-19 00:00:00,3317.92,CZK,Fuel,Withdrawal,DE
1001133,K000054,2026-03-05 00:00:00,1097.24,CZK,Travel,Purchase,CZ
1001134,K000054,2026-04-26 00:00:00,6910.57,CZK,Groceries,Withdrawal,CZ
1001135,K000054,2026-06-16 00:00:00,5906.27,CZK,Groceries,Withdrawal,CZ
1001136,K000054,2026-06-17 00:00:00,-904.4,CZK,Electronics,Refund,AT
1001137,K000054,2026-03-23 00:00:00,3175.93,CZK,Fuel,Purchase,CZ
1001138,K000055,2026-04-19 00:00:00,1380.26,CZK,Fuel,Purchase,CZ
1001139,K000055,2026-02-04 00:00:00,973.4,CZK,Healthcare,Purchase,CZ
1001140,K000055,2026-01-28 00:00:00,136.77,CZK,Other,Purchase,CZ
1001141,K000055,2026-06-27 00:00:00,1852.36,CZK,,Purchase,CZ
1001142,K000055,2026-02-06 00:00:00,3264.63,CZK,Fuel,Purchase,CZ
1001143,K000055,2026-04-05 00:00:00,-387.43,CZK,Travel,Refund,CZ
1001144,K000055,2026-02-13 00:00:00,3675.7,CZK,Travel,Purchase,CZ
1001145,K000055,2026-05-29 00:00:00,9597.31,CZK,Groceries,Withdrawal,CZ
1001146,K000055,2026-01-15 00:00:00,9204.77,CZK,Other,Withdrawal,CZ
1001147,K000055,2026-01-27 00:00:00,1318.4,EUR,Fuel,Purchase,SK
1001148,K000055,2026-04-03 00:00:00,3685.97,CZK,Fuel,Purchase,CZ
1001149,K000055,2026-01-17 00:00:00,3220.52,CZK,Healthcare,Purchase,CZ
1001150,K000055,2026-05-17 00:00:00,-1463.18,CZK,Electronics,Refund,CZ
1001151,K000055,2026-04-26 00:00:00,785.91,CZK,Groceries,Purchase,CZ
1001152,K000055,2026-04-28 00:00:00,3930.95,CZK,Groceries,Purchase,CZ
1001153,K000055,2026-01-19 00:00:00,5104.95,CZK,Electronics,Withdrawal,CZ
1001154,K000055,2026-04-01 00:00:00,1044.69,CZK,Restaurants,Purchase,CZ
1001155,K000055,2026-02-14 00:00:00,1581.85,CZK,Other,Purchase,CZ
1001156,K000055,2026-01-06 00:00:00,496.3,CZK,Travel,Purchase,CZ
1001157,K000055,2026-06-15 00:00:00,821.43,CZK,Electronics,Purchase,CZ
1001158,K000055,2026-03-16 00:00:00,8418.38,CZK,Other,Withdrawal,CZ
1001159,K000055,2026-05-29 00:00:00,3227.54,CZK,Healthcare,Purchase,CZ
1001160,K000056,2026-01-19 00:00:00,3162.69,CZK,Fuel,Purchase,CZ
1001161,K000056,2026-06-12 00:00:00,-1215.58,CZK,Fuel,Refund,CZ
1001162,K000056,2026-05-08 00:00:00,3652.59,CZK,,Purchase,CZ
1001163,K000056,2026-04-13 00:00:00,2438.12,CZK,Fuel,Purchase,CZ
1001164,K000056,2026-03-15 00:00:00,-1912.35,CZK,Fuel,Refund,CZ
1001165,K000056,2026-03-22 00:00:00,1879.93,CZK,Healthcare,Purchase,CZ
1001166,K000056,2026-06-09 00:00:00,-133.35,CZK,Travel,Refund,CZ
1001167,K000056,2026-01-07 00:00:00,818.4,CZK,Groceries,Purchase,CZ
1001168,K000056,2026-05-27 00:00:00,3429.38,CZK,Fuel,Purchase,CZ
1001169,K000056,2026-01-25 00:00:00,1219.49,CZK,Entertainment,Purchase,CZ
1001170,K000056,2026-04-22 00:00:00,1635.78,CZK,Restaurants,Purchase,CZ
1001171,K000056,2026-03-09 00:00:00,3955.85,CZK,Groceries,Purchase,CZ
1001172,K000056,2026-04-10 00:00:00,3733.13,CZK,Electronics,Purchase,CZ
1001173,K000056,2026-05-14 00:00:00,-1293.72,CZK,Travel,Refund,CZ
1001174,K000056,2026-01-31 00:00:00,1219.97,CZK,Healthcare,Purchase,CZ
1001175,K000056,2026-02-15 00:00:00,2776.2,CZK,Travel,Purchase,CZ
1001176,K000056,2026-01-29 00:00:00,-1838.22,CZK,Restaurants,Refund,CZ
1001177,K000056,2026-06-07 00:00:00,6087.21,CZK,Restaurants,Withdrawal,CZ
1001178,K000056,2026-05-12 00:00:00,275.2,CZK,Groceries,Purchase,CZ
1001179,K000056,2026-02-13 00:00:00,827.0,CZK,Healthcare,Purchase,CZ
1001180,K000056,2026-01-25 00:00:00,3247.97,CZK,Electronics,Purchase,CZ
1001181,K000056,2026-01-01 00:00:00,1700.82,CZK,Groceries,Purchase,CZ
1001182,K000056,2026-04-12 00:00:00,1856.69,CZK,Electronics,Purchase,CZ
1001183,K000056,2026-05-23 00:00:00,3577.18,CZK,Electronics,Purchase,CZ
1001184,K000056,2026-05-04 00:00:00,1378.08,CZK,Healthcare,Purchase,CZ
1001185,K000056,2026-04-27 00:00:00,3862.27,CZK,Electronics,Purchase,CZ
1001186,K000056,2026-05-10 00:00:00,2454.66,CZK,Electronics,Purchase,CZ
1001187,K000057,2026-04-29 00:00:00,1933.64,CZK,Groceries,Purchase,CZ
1001188,K000057,2026-05-04 00:00:00,1718.84,CZK,Fuel,Purchase,CZ
1001189,K000057,2026-05-18 00:00:00,1102.28,CZK,Other,Purchase,CZ
1001190,K000057,2026-04-15 00:00:00,487.14,CZK,Electronics,Purchase,CZ
1001191,K000057,2026-03-18 00:00:00,2718.45,CZK,Fuel,Purchase,CZ
1001192,K000057,2026-04-07 00:00:00,5571.73,CZK,Entertainment,Withdrawal,CZ
1001193,K000057,2026-01-25 00:00:00,2486.13,CZK,Fuel,Purchase,CZ
1001194,K000057,2026-02-27 00:00:00,2564.02,CZK,Fuel,Purchase,CZ
1001195,K000057,2026-06-05 00:00:00,613.74,CZK,Travel,Purchase,CZ
1001196,K000057,2026-04-23 00:00:00,2271.62,CZK,Travel,Purchase,CZ
1001197,K000057,2026-05-08 00:00:00,3409.9,CZK,Electronics,Purchase,CZ
1001198,K000057,2026-05-10 00:00:00,1191.45,CZK,Entertainment,Purchase,CZ
1001199,K000057,2026-05-29 00:00:00,1554.24,CZK,Travel,Purchase,CZ
1001200,K000057,2026-01-03 00:00:00,3234.5,CZK,Fuel,Purchase,CZ
1001201,K000057,2026-01-09 00:00:00,-126.21,CZK,Groceries,Refund,CZ
1001202,K000057,2026-05-20 00:00:00,3906.41,CZK,Electronics,Withdrawal,CZ
1001203,K000058,2026-03-26 00:00:00,5735.12,CZK,Travel,Withdrawal,CZ
1001204,K000058,2026-01-28 00:00:00,-511.3,CZK,Entertainment,Refund,SK
1001205,K000058,2026-02-24 00:00:00,7717.84,CZK,Entertainment,Withdrawal,CZ
1001206,K000058,2026-01-05 00:00:00,1081.18,CZK,Travel,Purchase,CZ
1001207,K000058,2026-05-26 00:00:00,2898.0,CZK,Other,Purchase,CZ
1001208,K000058,2026-06-14 00:00:00,855.98,CZK,Groceries,Purchase,CZ
1001209,K000058,2026-03-17 00:00:00,2425.74,CZK,Travel,Purchase,CZ
1001210,K000059,2026-05-24 00:00:00,1238.49,CZK,Fuel,Purchase,CZ
1001211,K000059,2026-03-30 00:00:00,1800.81,CZK,Fuel,Withdrawal,DE
1001212,K000059,2026-06-05 00:00:00,2559.05,CZK,Groceries,Purchase,CZ
1001213,K000059,2026-03-20 00:00:00,1189.87,CZK,Electronics,Purchase,CZ
1001214,K000059,2026-03-25 00:00:00,2701.72,CZK,,Withdrawal,CZ
1001215,K000059,2026-02-05 00:00:00,451.43,CZK,Groceries,Purchase,CZ
1001216,K000059,2026-03-05 00:00:00,411.05,CZK,Other,Purchase,CZ
1001217,K000059,2026-06-13 00:00:00,670.36,CZK,Electronics,Purchase,CZ
1001218,K000059,2026-05-23 00:00:00,1332.66,CZK,Fuel,Purchase,CZ
1001219,K000059,2026-03-30 00:00:00,1654.02,CZK,Entertainment,Purchase,CZ
1001220,K000059,2026-04-25 00:00:00,-1081.73,CZK,Restaurants,Refund,CZ
1001221,K000059,2026-04-27 00:00:00,1496.18,CZK,Travel,Purchase,CZ
1001222,K000059,2026-05-16 00:00:00,4881.82,CZK,Other,Withdrawal,CZ
1001223,K000059,2026-03-16 00:00:00,1978.91,CZK,Restaurants,Purchase,CZ
1001224,K000059,2026-04-18 00:00:00,844.11,CZK,Fuel,Purchase,CZ
1001225,K000059,2026-01-10 00:00:00,741.58,CZK,Fuel,Purchase,CZ
1001226,K000059,2028-03-29 00:00:00,776.62,CZK,Restaurants,Purchase,CZ
1001227,K000059,2026-03-20 00:00:00,3710.0,CZK,Groceries,Purchase,CZ
1001228,K000059,2026-05-25 00:00:00,792.57,CZK,Restaurants,Purchase,CZ
1001229,K000059,2026-04-24 00:00:00,1620.09,CZK,Electronics,Purchase,CZ
1001230,K000059,2026-04-12 00:00:00,3560.2,CZK,Entertainment,Purchase,CZ
1001231,K000059,2026-05-31 00:00:00,195.88,CZK,Entertainment,Purchase,CZ
1001232,K000059,2026-05-28 00:00:00,3727.94,CZK,Restaurants,Purchase,CZ
1001233,K000059,2026-04-15 00:00:00,2619.68,CZK,Travel,Purchase,CZ
1001234,K000059,2026-06-21 00:00:00,1780.26,CZK,Other,Purchase,CZ
1001235,K000059,2026-05-27 00:00:00,2097.34,CZK,Fuel,Purchase,CZ
1001236,K000059,2026-04-23 00:00:00,2658.32,CZK,Restaurants,Purchase,CZ
1001237,K000059,2026-03-18 00:00:00,3633.85,EUR,Groceries,Purchase,AT
1001238,K000059,2026-03-26 00:00:00,2458.05,CZK,Healthcare,Withdrawal,SK
1001239,K000059,2026-02-16 00:00:00,2035.97,CZK,Restaurants,Purchase,CZ
1001240,K000059,2026-05-28 00:00:00,-1676.87,CZK,Entertainment,Refund,CZ
1001241,K000059,2026-01-06 00:00:00,8515.25,CZK,Restaurants,Withdrawal,CZ
1001242,K000060,2026-04-05 00:00:00,9283.81,CZK,Entertainment,Withdrawal,CZ
1001243,K000060,2026-06-18 00:00:00,131.64,CZK,Groceries,Purchase,CZ
1001244,K000060,2026-06-21 00:00:00,128.9,CZK,Electronics,Purchase,CZ
1001245,K000060,2026-01-21 00:00:00,1693.68,CZK,Fuel,Withdrawal,CZ
1001246,K000060,2026-03-22 00:00:00,901.49,CZK,Restaurants,Withdrawal,CZ
1001247,K000060,2026-02-01 00:00:00,585.73,CZK,Healthcare,Purchase,CZ
1001248,K000060,2026-03-29 00:00:00,1638.13,CZK,Entertainment,Purchase,CZ
1001249,K000060,2026-06-03 00:00:00,1005.88,CZK,Entertainment,Purchase,CZ
1001250,K000061,2026-01-24 00:00:00,2679.35,CZK,Healthcare,Purchase,CZ
1001251,K000061,2026-03-03 00:00:00,1419.53,CZK,Travel,Purchase,CZ
1001252,K000061,2026-06-23 00:00:00,2056.83,CZK,Other,Purchase,CZ
1001253,K000061,2026-02-10 00:00:00,-1317.81,CZK,Electronics,Refund,CZ
1001254,K000061,2026-05-14 00:00:00,321.32,CZK,Groceries,Purchase,CZ
1001255,K000061,2026-06-09 00:00:00,3571.99,CZK,Travel,Purchase,CZ
1001256,K000061,2026-03-09 00:00:00,-123.07,CZK,Fuel,Refund,CZ
1001257,K000061,2026-02-24 00:00:00,873.7,CZK,Restaurants,Purchase,CZ
1001258,K000061,2026-03-08 00:00:00,2337.1,CZK,Groceries,Purchase,CZ
1001259,K000061,2026-05-28 00:00:00,2795.93,CZK,Groceries,Purchase,CZ
1001260,K000061,2026-02-14 00:00:00,9415.6,CZK,Entertainment,Withdrawal,CZ
1001261,K000061,2026-03-31 00:00:00,3334.16,CZK,Other,Purchase,CZ
1001262,K000061,2026-05-06 00:00:00,702.09,CZK,Restaurants,Withdrawal,CZ
1001263,K000061,2026-04-09 00:00:00,833.59,CZK,Restaurants,Withdrawal,CZ
1001264,K000061,2026-02-22 00:00:00,1468.62,CZK,Electronics,Purchase,CZ
1001265,K000061,2026-05-02 00:00:00,-968.57,CZK,,Purchase,AT
1001266,K000061,2026-05-12 00:00:00,-413.26,CZK,Travel,Refund,CZ
1001267,K000061,2026-01-11 00:00:00,8692.39,CZK,Groceries,Withdrawal,CZ
1001268,K000061,2026-04-02 00:00:00,3043.95,CZK,Other,Purchase,CZ
1001269,K000061,2026-03-11 00:00:00,1516.36,CZK,Restaurants,Purchase,CZ
1001270,K000061,2026-05-04 00:00:00,-1851.01,CZK,Other,Refund,CZ
1001271,K000061,2026-05-23 00:00:00,1060.25,CZK,Fuel,Purchase,CZ
1001272,K000061,2026-01-21 00:00:00,2262.46,CZK,Electronics,Withdrawal,CZ
1001273,K000061,2026-01-26 00:00:00,190.01,CZK,Restaurants,Purchase,CZ
1001274,K000061,2026-02-25 00:00:00,1627.46,CZK,Fuel,Purchase,CZ
1001275,K000061,2026-01-09 00:00:00,4213.78,CZK,Restaurants,Withdrawal,CZ
1001276,K000061,2026-02-20 00:00:00,89.41,CZK,Groceries,Purchase,CZ
1001277,K000061,2026-05-07 00:00:00,-1148.02,CZK,Electronics,Refund,CZ
1001278,K000061,2026-01-23 00:00:00,1833.31,CZK,Healthcare,Purchase,CZ
1001279,K000061,2026-05-11 00:00:00,2007.68,CZK,,Purchase,CZ
1001280,K000061,2026-03-22 00:00:00,9988.54,CZK,Restaurants,Withdrawal,CZ
1001281,K000061,2026-01-02 00:00:00,262.48,CZK,Travel,Purchase,CZ
1001282,K000062,2026-02-17 00:00:00,110.82,CZK,Travel,Purchase,CZ
1001283,K000062,2026-02-06 00:00:00,3302.01,CZK,Fuel,Purchase,CZ
1001284,K000062,2026-01-06 00:00:00,2520.76,CZK,Fuel,Purchase,CZ
1001285,K000062,2026-01-21 00:00:00,7341.9,CZK,Fuel,Withdrawal,CZ
1001286,K000062,2026-03-30 00:00:00,1559.95,CZK,Restaurants,Purchase,CZ
1001287,K000062,2026-05-18 00:00:00,3231.42,CZK,Travel,Purchase,CZ
1001288,K000062,2026-05-18 00:00:00,3175.1,CZK,Healthcare,Purchase,CZ
1001289,K000062,2026-04-29 00:00:00,-1025.39,CZK,Groceries,Refund,CZ
1001290,K000062,2026-03-01 00:00:00,399.85,CZK,Other,Purchase,CZ
1001291,K000062,2026-05-26 00:00:00,248.89,CZK,Electronics,Purchase,CZ
1001292,K000062,2026-06-10 00:00:00,9806.65,CZK,Healthcare,Withdrawal,CZ
1001293,K000062,2026-01-11 00:00:00,3863.58,CZK,Fuel,Purchase,CZ
1001294,K000062,2026-01-03 00:00:00,2986.75,CZK,Fuel,Purchase,CZ
1001295,K000063,2026-03-26 00:00:00,518.79,CZK,Healthcare,Withdrawal,CZ
1001296,K000063,2026-03-16 00:00:00,-2468.14,CZK,Restaurants,Purchase,CZ
1001297,K000063,2026-01-31 00:00:00,3822.03,CZK,Fuel,Purchase,CZ
1001298,K000063,2026-02-05 00:00:00,3335.09,CZK,Other,Purchase,CZ
1001299,K000063,2026-06-08 00:00:00,2945.57,EUR,Restaurants,Purchase,PL
1001300,K000063,2026-03-08 00:00:00,3689.37,CZK,Travel,Purchase,CZ
1001301,K000063,2026-03-05 00:00:00,3348.38,CZK,Restaurants,Purchase,CZ
1001302,K000063,2026-01-22 00:00:00,2600.76,CZK,Fuel,Purchase,CZ
1001303,K000063,2026-03-21 00:00:00,1076.11,CZK,,Purchase,CZ
1001304,K000063,2026-03-24 00:00:00,1813.59,CZK,Travel,Purchase,CZ
1001305,K000063,2026-03-11 00:00:00,261.99,CZK,Groceries,Purchase,CZ
1001306,K000063,2026-05-19 00:00:00,594.2,EUR,Travel,Purchase,DE
1001307,K000063,2026-02-06 00:00:00,326.61,CZK,Fuel,Purchase,CZ
1001308,K000063,2026-04-02 00:00:00,681.09,CZK,Other,Purchase,CZ
1001309,K000063,2026-03-17 00:00:00,3097.78,CZK,Entertainment,Purchase,CZ
1001310,K000063,2026-01-30 00:00:00,3155.89,CZK,Groceries,Purchase,CZ
1001311,K000063,2026-04-12 00:00:00,2426.38,CZK,Healthcare,Purchase,CZ
1001312,K000063,2026-01-22 00:00:00,1860.21,CZK,Fuel,Purchase,CZ
1001313,K000063,2026-02-02 00:00:00,-883.07,CZK,Travel,Refund,AT
1001314,K000063,2026-05-08 00:00:00,3825.1,CZK,Travel,Purchase,CZ
1001315,K000063,2026-01-12 00:00:00,9795.46,CZK,Travel,Withdrawal,CZ
1001316,K000063,2026-01-07 00:00:00,77.03,EUR,Electronics,Purchase,AT
1001317,K000063,2026-02-08 00:00:00,1716.33,CZK,Fuel,Purchase,CZ
1001318,K000063,2026-03-23 00:00:00,1862.45,CZK,Groceries,Purchase,CZ
1001319,K000063,2026-04-18 00:00:00,-1577.18,EUR,Travel,Refund,PL
1001320,K000063,2026-05-20 00:00:00,8006.02,CZK,Restaurants,Withdrawal,CZ
1001321,K000063,2026-05-29 00:00:00,194.17,CZK,Travel,Purchase,CZ
1001322,K000064,2026-03-19 00:00:00,1123.91,CZK,Healthcare,Purchase,CZ
1001323,K000064,2026-04-07 00:00:00,393.18,CZK,Travel,Purchase,CZ
1001324,K000064,2026-04-02 00:00:00,729.67,CZK,Travel,Purchase,CZ
1001325,K000064,2026-06-14 00:00:00,2855.52,CZK,Restaurants,Purchase,CZ
1001326,K000064,2028-07-18 00:00:00,1261.56,CZK,Travel,Purchase,CZ
1001327,K000064,2026-05-09 00:00:00,1145.05,CZK,Healthcare,Purchase,CZ
1001328,K000064,2026-01-05 00:00:00,9933.15,CZK,Entertainment,Withdrawal,CZ
1001329,K000064,2026-06-18 00:00:00,2847.78,CZK,Groceries,Withdrawal,CZ
1001330,K000064,2028-06-21 00:00:00,446.9,CZK,Healthcare,Purchase,CZ
1001331,K000064,2026-01-15 00:00:00,-443.21,CZK,Groceries,Refund,CZ
1001332,K000064,2026-03-12 00:00:00,3679.99,CZK,Restaurants,Purchase,CZ
1001333,K000064,2026-05-08 00:00:00,2626.31,CZK,Restaurants,Purchase,CZ
1001334,K000064,2026-04-10 00:00:00,-1383.3,CZK,Groceries,Refund,CZ
1001335,K000064,2026-03-08 00:00:00,3913.82,CZK,Entertainment,Purchase,SK
1001336,K000064,2026-02-22 00:00:00,704.31,CZK,Fuel,Purchase,CZ
1001337,K000064,2026-06-23 00:00:00,593.53,CZK,Electronics,Purchase,CZ
1001338,K000064,2026-04-17 00:00:00,2072.34,CZK,Fuel,Purchase,CZ
1001339,K000064,2026-02-21 00:00:00,3951.98,CZK,Restaurants,Purchase,CZ
1001340,K000064,2026-05-05 00:00:00,3519.31,CZK,Groceries,Purchase,CZ
1001341,K000064,2026-03-15 00:00:00,5715.89,CZK,Groceries,Withdrawal,CZ
1001342,K000064,2026-06-16 00:00:00,3203.69,CZK,Fuel,Purchase,CZ
1001343,K000064,2026-02-01 00:00:00,4152.29,CZK,Entertainment,Withdrawal,CZ
1001344,K000064,2026-03-08 00:00:00,3213.35,CZK,Healthcare,Purchase,CZ
1001345,K000064,2026-01-31 00:00:00,-1866.46,CZK,Fuel,Refund,CZ
1001346,K000064,2026-01-15 00:00:00,8322.79,CZK,,Withdrawal,DE
1001347,K000064,2026-04-04 00:00:00,-1315.12,CZK,Fuel,Refund,CZ
1001348,K000064,2026-02-24 00:00:00,5989.93,CZK,Restaurants,Withdrawal,CZ
1001349,K000064,2026-01-03 00:00:00,6206.53,CZK,Entertainment,Withdrawal,CZ
1001350,K000064,2026-01-12 00:00:00,-785.26,CZK,Healthcare,Refund,CZ
1001351,K000064,2026-04-14 00:00:00,6337.41,CZK,Restaurants,Withdrawal,CZ
1001352,K000064,2026-03-25 00:00:00,3123.3,CZK,Fuel,Withdrawal,CZ
1001353,K000064,2026-05-30 00:00:00,1916.21,CZK,Restaurants,Purchase,CZ
1001354,K000064,2026-01-20 00:00:00,439.0,CZK,Other,Purchase,CZ
1001355,K000064,2026-03-29 00:00:00,3758.61,CZK,Other,Purchase,CZ
1001356,K000064,2026-04-09 00:00:00,4633.75,CZK,Travel,Withdrawal,CZ
1001357,K000065,2026-04-30 00:00:00,451.9,CZK,Other,Purchase,CZ
1001358,K000065,2026-04-09 00:00:00,3979.89,CZK,Groceries,Purchase,CZ
1001359,K000065,2026-05-05 00:00:00,112.99,CZK,Restaurants,Purchase,CZ
1001360,K000065,2026-05-09 00:00:00,1564.12,CZK,Travel,Purchase,CZ
1001361,K000065,2026-04-11 00:00:00,1830.93,CZK,Groceries,Purchase,CZ
1001362,K000065,2026-04-20 00:00:00,3574.85,CZK,Restaurants,Purchase,CZ
1001363,K000065,2026-02-22 00:00:00,3687.35,CZK,Entertainment,Purchase,CZ
1001364,K000065,2026-02-25 00:00:00,1926.97,CZK,Groceries,Purchase,CZ
1001365,K000065,2026-05-13 00:00:00,973.34,CZK,Entertainment,Purchase,CZ
1001366,K000065,2026-03-08 00:00:00,2123.06,CZK,Other,Purchase,CZ
1001367,K000065,2026-04-18 00:00:00,3422.33,CZK,Groceries,Purchase,CZ
1001368,K000065,2026-06-24 00:00:00,278.2,CZK,Other,Purchase,CZ
1001369,K000065,2026-03-28 00:00:00,354.05,CZK,,Purchase,CZ
1001370,K000065,2026-05-15 00:00:00,879.73,CZK,Other,Purchase,CZ
1001371,K000065,2026-02-16 00:00:00,2591.69,CZK,Restaurants,Purchase,CZ
1001372,K000065,2026-04-05 00:00:00,526.73,CZK,Groceries,Purchase,CZ
1001373,K000065,2026-02-10 00:00:00,1191.35,CZK,Electronics,Purchase,CZ
1001374,K000065,2026-02-14 00:00:00,-65.33,CZK,Fuel,Refund,CZ
1001375,K000065,2026-02-16 00:00:00,-1599.69,CZK,Travel,Refund,CZ
1001376,K000065,2026-04-12 00:00:00,1718.1,CZK,Other,Purchase,CZ
1001377,K000065,2026-01-05 00:00:00,3699.21,CZK,Entertainment,Purchase,CZ
1001378,K000065,2026-01-09 00:00:00,1682.41,CZK,Travel,Purchase,CZ
1001379,K000065,2026-02-27 00:00:00,2274.65,CZK,Electronics,Purchase,SK
1001380,K000065,2026-05-25 00:00:00,3588.42,CZK,Entertainment,Withdrawal,CZ
1001381,K000065,2026-06-04 00:00:00,1874.97,CZK,Fuel,Purchase,CZ
1001382,K000065,2026-01-23 00:00:00,1581.09,CZK,Healthcare,Purchase,CZ
1001383,K000065,2026-04-21 00:00:00,3305.05,CZK,Travel,Purchase,CZ
1001384,K000065,2026-02-22 00:00:00,2525.08,CZK,Groceries,Purchase,CZ
1001385,K000065,2026-05-20 00:00:00,3005.33,CZK,Groceries,Purchase,CZ
1001386,K000065,2026-05-20 00:00:00,-1151.84,CZK,Groceries,Refund,CZ
1001387,K000065,2026-01-20 00:00:00,-1770.13,CZK,Travel,Refund,CZ
1001388,K000065,2026-01-09 00:00:00,3810.71,EUR,Groceries,Withdrawal,DE
1001389,K000065,2026-01-18 00:00:00,2625.31,CZK,Groceries,Purchase,CZ
1001390,K000065,2026-02-27 00:00:00,6988.03,CZK,Travel,Withdrawal,CZ
1001391,K000066,2026-06-09 00:00:00,3506.83,CZK,Fuel,Purchase,CZ
1001392,K000066,2026-02-03 00:00:00,2279.11,CZK,Electronics,Purchase,CZ
1001393,K000066,2026-03-10 00:00:00,1046.56,CZK,Healthcare,Withdrawal,CZ
1001394,K000066,2026-06-06 00:00:00,-279.91,CZK,Electronics,Refund,CZ
1001395,K000066,2026-04-28 00:00:00,308.99,CZK,Travel,Purchase,CZ
1001396,K000066,2026-05-25 00:00:00,3944.64,CZK,Healthcare,Purchase,CZ
1001397,K000066,2026-02-28 00:00:00,1633.09,CZK,Travel,Purchase,CZ
1001398,K000066,2026-02-08 00:00:00,1563.23,CZK,Groceries,Purchase,CZ
1001399,K000066,2026-04-19 00:00:00,751.27,CZK,Travel,Withdrawal,CZ
1001400,K000066,2026-02-05 00:00:00,468.28,CZK,Entertainment,Purchase,CZ
1001401,K000066,2026-03-23 00:00:00,1825.95,CZK,Electronics,Withdrawal,CZ
1001402,K000066,2026-01-13 00:00:00,2385.55,CZK,Fuel,Purchase,CZ
1001403,K000066,2026-03-06 00:00:00,2203.76,CZK,Entertainment,Purchase,CZ
1001404,K000066,2026-05-19 00:00:00,9706.71,CZK,Other,Withdrawal,CZ
1001405,K000066,2026-05-07 00:00:00,3848.49,CZK,Healthcare,Purchase,CZ
1001406,K000066,2026-04-02 00:00:00,1895.72,CZK,Healthcare,Purchase,CZ
1001407,K000066,2026-05-14 00:00:00,3913.13,EUR,Fuel,Withdrawal,AT
1001408,K000066,2026-05-03 00:00:00,2971.64,CZK,Fuel,Purchase,CZ
1001409,K000067,2026-06-13 00:00:00,2363.13,CZK,Fuel,Purchase,CZ
1001410,K000067,2026-01-03 00:00:00,3193.47,CZK,Travel,Purchase,CZ
1001411,K000067,2026-05-22 00:00:00,8867.71,CZK,Fuel,Withdrawal,CZ
1001412,K000067,2026-03-04 00:00:00,741.26,CZK,,Purchase,CZ
1001413,K000067,2026-04-17 00:00:00,207.04,CZK,,Purchase,AT
1001414,K000067,2026-05-29 00:00:00,1935.0,CZK,Electronics,Purchase,CZ
1001415,K000067,2026-01-13 00:00:00,3063.91,CZK,Fuel,Purchase,CZ
1001416,K000067,2026-04-29 00:00:00,-1560.17,EUR,Groceries,Purchase,DE
1001417,K000067,2026-05-05 00:00:00,1630.92,CZK,Groceries,Purchase,CZ
1001418,K000067,2026-04-22 00:00:00,2126.6,CZK,,Purchase,CZ
1001419,K000067,2026-02-28 00:00:00,406.02,CZK,Electronics,Purchase,CZ
1001420,K000067,2026-02-22 00:00:00,2589.51,CZK,Restaurants,Purchase,AT
1001421,K000067,2026-02-21 00:00:00,3277.65,CZK,Other,Purchase,CZ
1001422,K000067,2026-05-01 00:00:00,1932.6,CZK,Groceries,Purchase,CZ
1001423,K000067,2026-06-27 00:00:00,761.24,CZK,Healthcare,Purchase,CZ
1001424,K000067,2026-05-02 00:00:00,2224.39,CZK,Other,Purchase,CZ
1001425,K000067,2026-05-25 00:00:00,212.65,CZK,Other,Purchase,CZ
1001426,K000067,2026-03-10 00:00:00,1111.24,CZK,Electronics,Purchase,CZ
1001427,K000068,2026-05-27 00:00:00,602.41,CZK,Entertainment,Withdrawal,CZ
1001428,K000068,2026-04-07 00:00:00,1159.45,CZK,Healthcare,Purchase,CZ
1001429,K000068,2026-03-10 00:00:00,-56.27,CZK,Entertainment,Refund,CZ
1001430,K000068,2026-03-22 00:00:00,410.91,CZK,Groceries,Purchase,CZ
1001431,K000068,2026-01-09 00:00:00,356.73,CZK,Other,Purchase,CZ
1001432,K000068,2026-06-12 00:00:00,1849.66,CZK,Travel,Purchase,CZ
1001433,K000068,2026-01-14 00:00:00,3022.15,CZK,Entertainment,Purchase,CZ
1001434,K000068,2026-03-07 00:00:00,3513.51,CZK,Restaurants,Purchase,CZ
1001435,K000068,2026-03-18 00:00:00,7592.18,CZK,Fuel,Withdrawal,CZ
1001436,K000068,2026-02-12 00:00:00,2092.24,CZK,Healthcare,Purchase,CZ
1001437,K000068,2026-03-02 00:00:00,816.03,CZK,Electronics,Withdrawal,CZ
1001438,K000068,2026-04-19 00:00:00,1615.61,CZK,Groceries,Purchase,CZ
1001439,K000068,2026-05-01 00:00:00,2952.84,CZK,Other,Purchase,AT
1001440,K000068,2026-06-07 00:00:00,2605.82,CZK,Entertainment,Purchase,CZ
1001441,K000068,2026-01-12 00:00:00,1688.1,EUR,Other,Purchase,SK
1001442,K000068,2026-06-13 00:00:00,6549.61,CZK,Restaurants,Withdrawal,CZ
1001443,K000068,2026-01-16 00:00:00,3071.73,CZK,Healthcare,Purchase,CZ
1001444,K000068,2026-04-24 00:00:00,3363.8,CZK,Fuel,Purchase,CZ
1001445,K000068,2026-06-23 00:00:00,-1181.42,CZK,Restaurants,Refund,CZ
1001446,K000068,2026-05-26 00:00:00,2269.32,CZK,Electronics,Purchase,CZ
1001447,K000068,2026-03-01 00:00:00,9259.52,CZK,Travel,Withdrawal,CZ
1001448,K000068,2026-02-13 00:00:00,864.68,CZK,Electronics,Purchase,SK
1001449,K000068,2026-03-25 00:00:00,2784.7,CZK,Healthcare,Purchase,CZ
1001450,K000068,2026-04-08 00:00:00,3287.13,CZK,,Purchase,CZ
1001451,K000068,2026-06-05 00:00:00,-502.4,CZK,Travel,Refund,CZ
1001452,K000068,2026-03-04 00:00:00,7090.51,CZK,Restaurants,Withdrawal,CZ
1001453,K000068,2026-05-09 00:00:00,2581.53,CZK,Entertainment,Purchase,CZ
1001454,K000068,2026-05-16 00:00:00,9250.82,CZK,Travel,Withdrawal,CZ
1001455,K000068,2026-05-29 00:00:00,5354.52,CZK,Other,Withdrawal,CZ
1001456,K000069,2026-05-02 00:00:00,-853.92,CZK,Groceries,Refund,CZ
1001457,K000069,2026-05-12 00:00:00,3598.1,CZK,Fuel,Purchase,CZ
1001458,K000069,2026-05-16 00:00:00,736.72,CZK,Travel,Purchase,CZ
1001459,K000069,2026-03-25 00:00:00,631.86,EUR,Entertainment,Purchase,DE
1001460,K000069,2026-06-11 00:00:00,58.62,CZK,Healthcare,Purchase,CZ
1001461,K000069,2026-02-13 00:00:00,2252.0,CZK,Electronics,Purchase,CZ
1001462,K000069,2026-04-27 00:00:00,9945.52,CZK,Travel,Withdrawal,CZ
1001463,K000069,2026-02-25 00:00:00,2621.29,CZK,Other,Purchase,CZ
1001464,K000069,2026-01-21 00:00:00,8199.81,CZK,Fuel,Withdrawal,CZ
1001465,K000069,2026-04-06 00:00:00,405.6,CZK,Other,Purchase,CZ
1001466,K000069,2026-01-03 00:00:00,1832.83,CZK,Groceries,Purchase,CZ
1001467,K000069,2026-04-07 00:00:00,3677.25,CZK,Fuel,Purchase,CZ
1001468,K000070,2026-01-11 00:00:00,1728.41,CZK,Other,Purchase,CZ
1001469,K000070,2026-03-13 00:00:00,8357.16,CZK,Fuel,Withdrawal,CZ
1001470,K000070,2026-05-26 00:00:00,1509.28,CZK,Fuel,Purchase,DE
1001471,K000070,2026-04-20 00:00:00,6241.03,CZK,Travel,Withdrawal,CZ
1001472,K000070,2026-02-03 00:00:00,1964.18,CZK,Fuel,Purchase,CZ
1001473,K000070,2026-01-13 00:00:00,778.85,CZK,Fuel,Purchase,CZ
1001474,K000070,2026-04-17 00:00:00,3729.09,CZK,Entertainment,Purchase,CZ
1001475,K000070,2026-06-01 00:00:00,3663.51,CZK,Electronics,Purchase,CZ
1001476,K000070,2026-05-22 00:00:00,2083.33,CZK,Fuel,Purchase,CZ
1001477,K000070,2026-04-22 00:00:00,2124.51,CZK,Travel,Purchase,CZ
1001478,K000070,2026-03-05 00:00:00,2996.84,CZK,Fuel,Purchase,PL
1001479,K000070,2026-01-08 00:00:00,246.2,CZK,Healthcare,Purchase,CZ
1001480,K000070,2026-06-07 00:00:00,2625.65,CZK,Travel,Purchase,CZ
1001481,K000070,2026-05-25 00:00:00,856.29,CZK,Fuel,Purchase,PL
1001482,K000070,2026-01-09 00:00:00,1342.54,CZK,Fuel,Purchase,CZ
1001483,K000070,2026-01-03 00:00:00,1937.65,CZK,Electronics,Withdrawal,CZ
1001484,K000070,2026-05-05 00:00:00,-249.49,CZK,Healthcare,Refund,CZ
1001485,K000070,2026-05-26 00:00:00,-116.21,CZK,Fuel,Refund,CZ
1001486,K000070,2026-01-22 00:00:00,3744.21,EUR,Restaurants,Purchase,PL
1001487,K000070,2026-05-03 00:00:00,2943.53,CZK,Groceries,Purchase,CZ
1001488,K000070,2026-03-20 00:00:00,3520.88,CZK,Other,Withdrawal,CZ
1001489,K000070,2026-03-22 00:00:00,1986.26,CZK,Other,Purchase,AT
1001490,K000070,2026-02-27 00:00:00,2669.8,CZK,Entertainment,Purchase,CZ
1001491,K000070,2026-05-30 00:00:00,2086.76,CZK,Electronics,Purchase,CZ
1001492,K000071,2026-03-17 00:00:00,-2222.3,CZK,Healthcare,Purchase,CZ
1001493,K000071,2026-05-17 00:00:00,3494.53,CZK,Groceries,Withdrawal,CZ
1001494,K000071,2026-05-01 00:00:00,6278.86,CZK,Entertainment,Withdrawal,CZ
1001495,K000071,2026-06-27 00:00:00,2175.94,CZK,Healthcare,Purchase,CZ
1001496,K000071,2026-03-07 00:00:00,3189.4,CZK,Restaurants,Purchase,CZ
1001497,K000071,2026-01-25 00:00:00,1121.43,CZK,Entertainment,Purchase,CZ
1001498,K000071,2026-06-20 00:00:00,1992.99,CZK,Groceries,Purchase,CZ
1001499,K000071,2026-01-04 00:00:00,2181.33,CZK,Electronics,Purchase,CZ
1001500,K000071,2026-05-20 00:00:00,729.27,CZK,Fuel,Withdrawal,CZ
1001501,K000071,2026-01-11 00:00:00,-1110.78,CZK,Groceries,Refund,CZ
1001502,K000071,2026-05-17 00:00:00,671.92,CZK,Healthcare,Purchase,CZ
1001503,K000071,2026-04-22 00:00:00,985.08,EUR,Groceries,Purchase,PL
1001504,K000071,2026-03-09 00:00:00,261.02,CZK,Groceries,Purchase,CZ
1001505,K000071,2026-06-04 00:00:00,-1213.33,CZK,Restaurants,Refund,CZ
1001506,K000071,2026-06-07 00:00:00,7081.18,CZK,Electronics,Withdrawal,CZ
1001507,K000071,2026-02-21 00:00:00,430.18,CZK,Groceries,Purchase,CZ
1001508,K000072,2026-03-03 00:00:00,2641.98,CZK,Fuel,Purchase,CZ
1001509,K000072,2026-03-22 00:00:00,77.69,CZK,Travel,Purchase,CZ
1001510,K000072,2026-01-15 00:00:00,593.47,CZK,Other,Purchase,CZ
1001511,K000073,2026-04-10 00:00:00,2930.32,CZK,Other,Purchase,CZ
1001512,K000073,2026-04-15 00:00:00,1340.53,CZK,Groceries,Purchase,CZ
1001513,K000074,2026-02-05 00:00:00,114.95,CZK,Other,Purchase,CZ
1001514,K000074,2026-04-10 00:00:00,3259.77,CZK,Healthcare,Purchase,CZ
1001515,K000074,2026-01-03 00:00:00,8927.44,CZK,Travel,Withdrawal,CZ
1001516,K000074,2026-06-09 00:00:00,904.6,CZK,Fuel,Purchase,CZ
1001517,K000074,2026-03-02 00:00:00,142.06,CZK,Electronics,Purchase,CZ
1001518,K000075,2026-04-05 00:00:00,963.5,CZK,Fuel,Purchase,SK
1001519,K000075,2026-06-09 00:00:00,3869.68,EUR,Other,Purchase,AT
1001520,K000075,2026-03-11 00:00:00,1310.14,CZK,Travel,Purchase,CZ
1001521,K000075,2026-03-26 00:00:00,114.35,CZK,Healthcare,Purchase,CZ
1001522,K000075,2026-03-31 00:00:00,8530.05,CZK,Healthcare,Withdrawal,CZ
1001523,K000075,2026-02-12 00:00:00,537.22,CZK,Healthcare,Purchase,CZ
1001524,K000075,2026-03-02 00:00:00,601.18,CZK,Groceries,Purchase,CZ
1001525,K000075,2026-06-13 00:00:00,-841.9,CZK,Restaurants,Refund,CZ
1001526,K000075,2026-04-04 00:00:00,-1377.75,CZK,Restaurants,Refund,CZ
1001527,K000075,2026-01-25 00:00:00,1788.15,CZK,Travel,Purchase,CZ
1001528,K000075,2026-02-23 00:00:00,2290.31,CZK,Travel,Purchase,CZ
1001529,K000075,2026-04-04 00:00:00,7096.77,CZK,Groceries,Withdrawal,CZ
1001530,K000075,2026-04-28 00:00:00,7705.48,CZK,Healthcare,Withdrawal,CZ
1001531,K000075,2026-03-18 00:00:00,1583.96,CZK,Entertainment,Purchase,CZ
1001532,K000075,2026-05-07 00:00:00,1614.15,CZK,Other,Purchase,CZ
1001533,K000075,2026-02-17 00:00:00,3397.88,CZK,Travel,Purchase,CZ
1001534,K000075,2026-01-02 00:00:00,150.86,CZK,Electronics,Purchase,CZ
1001535,K000075,2026-02-06 00:00:00,2746.32,CZK,Healthcare,Purchase,CZ
1001536,K000075,2026-01-11 00:00:00,-678.21,CZK,Other,Refund,CZ
1001537,K000075,2026-06-01 00:00:00,1919.92,CZK,Fuel,Purchase,CZ
1001538,K000075,2026-05-17 00:00:00,991.28,CZK,Travel,Purchase,CZ
1001539,K000075,2026-01-01 00:00:00,3056.52,CZK,Fuel,Purchase,CZ
1001540,K000075,2026-03-18 00:00:00,2124.82,CZK,,Purchase,CZ
1001541,K000075,2026-03-26 00:00:00,1111.48,EUR,Groceries,Purchase,PL
1001542,K000075,2026-04-22 00:00:00,846.87,CZK,Groceries,Purchase,CZ
1001543,K000075,2026-04-11 00:00:00,661.17,EUR,Fuel,Purchase,PL
1001544,K000075,2026-04-30 00:00:00,-857.63,EUR,Groceries,Refund,PL
1001545,K000075,2026-05-03 00:00:00,868.97,CZK,Groceries,Purchase,CZ
1001546,K000075,2026-03-22 00:00:00,1785.08,CZK,Groceries,Withdrawal,CZ
1001547,K000075,2026-03-18 00:00:00,123.09,CZK,Entertainment,Purchase,CZ
1001548,K000075,2026-04-20 00:00:00,3707.71,CZK,Fuel,Purchase,CZ
1001549,K000075,2026-01-11 00:00:00,2058.01,CZK,Healthcare,Purchase,CZ
1001550,K000075,2026-03-09 00:00:00,1818.88,CZK,Electronics,Purchase,CZ
1001551,K000075,2026-02-25 00:00:00,1963.4,CZK,Travel,Purchase,CZ
1001552,K000076,2026-03-07 00:00:00,185.81,CZK,Entertainment,Purchase,CZ
1001553,K000076,2026-03-14 00:00:00,614.54,CZK,Travel,Purchase,CZ
1001554,K000076,2026-02-03 00:00:00,1554.97,CZK,Restaurants,Purchase,CZ
1001555,K000076,2026-01-27 00:00:00,1390.77,CZK,,Purchase,CZ
1001556,K000076,2026-06-25 00:00:00,3680.86,CZK,Travel,Purchase,AT
1001557,K000076,2026-06-13 00:00:00,7591.97,CZK,Fuel,Withdrawal,DE
1001558,K000076,2026-04-26 00:00:00,278.34,CZK,Travel,Purchase,CZ
1001559,K000076,2026-05-14 00:00:00,2938.58,CZK,Entertainment,Purchase,CZ
1001560,K000076,2026-04-30 00:00:00,-1938.65,CZK,Entertainment,Refund,CZ
1001561,K000077,2026-06-09 00:00:00,2331.58,CZK,Groceries,Withdrawal,CZ
1001562,K000077,2026-04-24 00:00:00,981.61,CZK,Fuel,Withdrawal,CZ
1001563,K000077,2026-04-09 00:00:00,1324.47,EUR,Healthcare,Purchase,AT
1001564,K000077,2026-06-20 00:00:00,3018.85,EUR,Restaurants,Purchase,DE
1001565,K000077,2026-05-01 00:00:00,1576.34,CZK,Healthcare,Purchase,CZ
1001566,K000077,2026-02-03 00:00:00,1688.16,CZK,Fuel,Purchase,CZ
1001567,K000077,2026-03-07 00:00:00,6092.92,CZK,Fuel,Withdrawal,CZ
1001568,K000077,2026-02-21 00:00:00,-1996.32,CZK,Entertainment,Refund,CZ
1001569,K000077,2026-01-11 00:00:00,-846.01,CZK,Travel,Refund,CZ
1001570,K000077,2026-02-24 00:00:00,228.63,CZK,Electronics,Purchase,CZ
1001571,K000077,2026-06-05 00:00:00,2688.5,CZK,Restaurants,Purchase,CZ
1001572,K000077,2026-05-02 00:00:00,8302.06,CZK,Travel,Withdrawal,CZ
1001573,K000077,2026-02-09 00:00:00,1587.5,CZK,,Purchase,CZ
1001574,K000077,2026-01-11 00:00:00,4087.59,CZK,Groceries,Withdrawal,CZ
1001575,K000077,2026-05-08 00:00:00,1042.3,CZK,Groceries,Purchase,CZ
1001576,K000077,2026-04-21 00:00:00,1117.55,CZK,Groceries,Purchase,CZ
1001577,K000077,2026-01-24 00:00:00,3062.69,CZK,Groceries,Purchase,CZ
1001578,K000077,2026-03-21 00:00:00,2989.2,CZK,Healthcare,Purchase,CZ
1001579,K000077,2026-06-06 00:00:00,1269.61,CZK,Travel,Purchase,DE
1001580,K000077,2026-01-01 00:00:00,8471.44,CZK,Healthcare,Withdrawal,CZ
1001581,K000077,2026-03-12 00:00:00,2604.48,CZK,Healthcare,Purchase,CZ
1001582,K000077,2026-06-14 00:00:00,2509.71,CZK,Other,Purchase,CZ
1001583,K000077,2026-05-13 00:00:00,-425.32,CZK,Electronics,Refund,CZ
1001584,K000077,2026-06-14 00:00:00,-1082.78,CZK,Other,Refund,CZ
1001585,K000077,2026-02-08 00:00:00,8321.62,CZK,Healthcare,Withdrawal,CZ
1001586,K000077,2026-06-01 00:00:00,-509.35,CZK,Other,Refund,CZ
1001587,K000077,2026-06-09 00:00:00,648.44,CZK,Groceries,Purchase,CZ
1001588,K000077,2026-04-20 00:00:00,7287.44,CZK,Travel,Withdrawal,CZ
1001589,K000077,2026-04-25 00:00:00,2527.12,CZK,Entertainment,Purchase,CZ
1001590,K000077,2026-05-15 00:00:00,5674.14,CZK,Other,Withdrawal,CZ
1001591,K000077,2026-04-29 00:00:00,1315.6,CZK,Travel,Purchase,CZ
1001592,K000077,2026-06-05 00:00:00,2222.22,CZK,Other,Purchase,CZ
1001593,K000077,2026-05-15 00:00:00,-1386.23,CZK,Healthcare,Refund,CZ
1001594,K000078,2026-01-30 00:00:00,2546.54,CZK,Restaurants,Purchase,CZ
1001595,K000078,2026-05-26 00:00:00,1578.52,CZK,Fuel,Purchase,CZ
1001596,K000078,2026-01-07 00:00:00,1637.07,CZK,Groceries,Purchase,CZ
1001597,K000078,2026-01-13 00:00:00,3128.38,CZK,Electronics,Purchase,CZ
1001598,K000078,2026-05-11 00:00:00,1843.78,CZK,Groceries,Purchase,CZ
1001599,K000078,2026-03-25 00:00:00,2098.33,CZK,Electronics,Purchase,CZ
1001600,K000078,2026-06-26 00:00:00,982.7,CZK,Electronics,Purchase,CZ
1001601,K000078,2026-03-26 00:00:00,3082.15,CZK,Entertainment,Purchase,CZ
1001602,K000078,2026-01-24 00:00:00,3514.84,CZK,Travel,Purchase,CZ
1001603,K000078,2026-03-21 00:00:00,463.45,CZK,Other,Purchase,SK
1001604,K000078,2026-02-28 00:00:00,2385.29,CZK,Entertainment,Withdrawal,CZ
1001605,K000078,2026-04-11 00:00:00,6036.4,CZK,Other,Withdrawal,CZ
1001606,K000078,2026-02-06 00:00:00,3123.01,CZK,Travel,Purchase,CZ
1001607,K000078,2026-05-02 00:00:00,3057.07,CZK,Healthcare,Purchase,SK
1001608,K000078,2026-04-21 00:00:00,1945.08,CZK,Electronics,Purchase,CZ
1001609,K000078,2026-04-01 00:00:00,2840.35,CZK,Fuel,Purchase,CZ
1001610,K000079,2026-01-27 00:00:00,2985.0,CZK,Restaurants,Purchase,CZ
1001611,K000079,2026-04-05 00:00:00,-492.2,CZK,Entertainment,Refund,CZ
1001612,K000079,2026-03-30 00:00:00,2353.16,CZK,,Purchase,CZ
1001613,K000079,2026-02-23 00:00:00,1910.22,CZK,Restaurants,Purchase,CZ
1001614,K000079,2026-06-11 00:00:00,375.21,CZK,Restaurants,Purchase,CZ
1001615,K000079,2026-04-24 00:00:00,-1800.24,CZK,Healthcare,Refund,CZ
1001616,K000079,2026-01-19 00:00:00,3993.81,CZK,Travel,Purchase,CZ
1001617,K000079,2026-04-09 00:00:00,2271.69,CZK,Travel,Purchase,CZ
1001618,K000079,2026-02-02 00:00:00,5592.14,CZK,Electronics,Withdrawal,SK
1001619,K000079,2026-04-19 00:00:00,-107.66,CZK,Fuel,Refund,CZ
1001620,K000079,2026-02-18 00:00:00,2419.14,CZK,Healthcare,Purchase,SK
1001621,K000079,2026-03-22 00:00:00,3254.67,CZK,Fuel,Purchase,CZ
1001622,K000079,2026-02-26 00:00:00,335.86,CZK,Healthcare,Purchase,CZ
1001623,K000079,2026-04-18 00:00:00,1390.98,CZK,Entertainment,Withdrawal,CZ
1001624,K000079,2026-03-19 00:00:00,1210.37,CZK,Entertainment,Purchase,CZ
1001625,K000079,2026-03-19 00:00:00,1263.32,CZK,Groceries,Purchase,CZ
1001626,K000079,2026-04-09 00:00:00,911.83,CZK,Entertainment,Purchase,CZ
1001627,K000079,2026-06-14 00:00:00,1456.26,CZK,Other,Purchase,CZ
1001628,K000079,2026-04-07 00:00:00,227.68,CZK,Entertainment,Purchase,CZ
1001629,K000080,2026-03-27 00:00:00,2478.72,EUR,Travel,Withdrawal,AT
1001630,K000080,2026-05-04 00:00:00,-495.95,EUR,Electronics,Refund,SK
1001631,K000080,2026-04-03 00:00:00,1295.07,CZK,Electronics,Withdrawal,CZ
1001632,K000080,2026-01-24 00:00:00,4850.89,CZK,Entertainment,Withdrawal,CZ
1001633,K000080,2026-02-04 00:00:00,1177.39,CZK,Healthcare,Purchase,CZ
1001634,K000080,2026-02-19 00:00:00,5269.46,EUR,Other,Withdrawal,SK
1001635,K000080,2026-02-22 00:00:00,306.45,CZK,Healthcare,Purchase,CZ
1001636,K000080,2026-01-27 00:00:00,2217.73,CZK,Healthcare,Purchase,CZ
1001637,K000080,2026-03-23 00:00:00,1843.86,CZK,Groceries,Purchase,CZ
1001638,K000080,2026-04-20 00:00:00,3244.11,CZK,Fuel,Purchase,CZ
1001639,K000080,2026-02-20 00:00:00,821.19,CZK,Entertainment,Purchase,AT
1001640,K000080,2026-06-22 00:00:00,1188.81,CZK,Fuel,Purchase,CZ
1001641,K000080,2026-04-15 00:00:00,1061.57,CZK,Groceries,Purchase,CZ
1001642,K000080,2026-04-13 00:00:00,2973.74,CZK,Fuel,Purchase,CZ
1001643,K000080,2026-01-09 00:00:00,-304.46,CZK,Healthcare,Refund,CZ
1001644,K000080,2026-01-08 00:00:00,7696.33,CZK,Electronics,Withdrawal,CZ
1001645,K000081,2026-02-23 00:00:00,2584.88,CZK,Restaurants,Purchase,CZ
1001646,K000081,2026-02-10 00:00:00,3338.0,CZK,Fuel,Purchase,CZ
1001647,K000081,2026-02-17 00:00:00,3330.52,CZK,Fuel,Withdrawal,CZ
1001648,K000081,2026-05-12 00:00:00,2994.42,CZK,Entertainment,Purchase,CZ
1001649,K000081,2026-04-27 00:00:00,3474.53,CZK,Entertainment,Purchase,CZ
1001650,K000081,2026-05-01 00:00:00,1375.09,CZK,Healthcare,Withdrawal,CZ
1001651,K000081,2026-03-27 00:00:00,3067.92,CZK,Electronics,Purchase,CZ
1001652,K000081,2026-05-11 00:00:00,1235.58,CZK,Entertainment,Purchase,CZ
1001653,K000081,2026-04-14 00:00:00,3518.72,CZK,Healthcare,Purchase,CZ
1001654,K000081,2026-03-23 00:00:00,2810.03,CZK,Entertainment,Purchase,CZ
1001655,K000081,2026-02-09 00:00:00,-1522.21,CZK,Fuel,Refund,CZ
1001656,K000081,2026-03-28 00:00:00,3460.47,CZK,Electronics,Purchase,CZ
1001657,K000081,2026-05-21 00:00:00,2654.43,CZK,Healthcare,Purchase,CZ
1001658,K000081,2026-05-28 00:00:00,2936.38,CZK,Electronics,Purchase,CZ
1001659,K000081,2026-05-20 00:00:00,3448.75,CZK,Restaurants,Purchase,CZ
1001660,K000081,2026-05-12 00:00:00,165.45,CZK,Other,Purchase,CZ
1001661,K000081,2026-01-16 00:00:00,7846.03,CZK,Healthcare,Withdrawal,CZ
1001662,K000081,2026-05-22 00:00:00,2941.07,CZK,Restaurants,Purchase,PL
1001663,K000081,2026-06-01 00:00:00,776.58,CZK,Fuel,Purchase,CZ
1001664,K000081,2026-03-17 00:00:00,3272.98,CZK,Travel,Purchase,CZ
1001665,K000081,2026-04-12 00:00:00,1259.28,CZK,Healthcare,Withdrawal,CZ
1001666,K000081,2026-04-09 00:00:00,1669.49,CZK,,Purchase,CZ
1001667,K000081,2026-05-21 00:00:00,488.2,CZK,Fuel,Purchase,CZ
1001668,K000081,2026-05-27 00:00:00,2845.54,CZK,Groceries,Withdrawal,CZ
1001669,K000083,2026-02-27 00:00:00,1931.14,CZK,Electronics,Purchase,AT
1001670,K000083,2026-03-14 00:00:00,2780.85,CZK,Restaurants,Purchase,CZ
1001671,K000083,2026-05-07 00:00:00,1041.63,CZK,Groceries,Purchase,SK
1001672,K000083,2026-01-13 00:00:00,-1792.58,CZK,Healthcare,Refund,CZ
1001673,K000083,2026-01-31 00:00:00,-1508.58,CZK,Groceries,Refund,CZ
1001674,K000083,2026-02-06 00:00:00,2949.26,CZK,Travel,Withdrawal,CZ
1001675,K000083,2026-02-09 00:00:00,1730.6,CZK,Restaurants,Purchase,CZ
1001676,K000083,2026-06-01 00:00:00,282.1,CZK,Restaurants,Purchase,CZ
1001677,K000083,2026-01-30 00:00:00,1428.73,EUR,Groceries,Withdrawal,AT
1001678,K000083,2026-06-21 00:00:00,-1133.51,CZK,Restaurants,Refund,CZ
1001679,K000083,2026-05-17 00:00:00,590.03,EUR,Electronics,Purchase,PL
1001680,K000083,2026-05-06 00:00:00,2440.53,CZK,Restaurants,Purchase,CZ
1001681,K000083,2026-06-13 00:00:00,-1332.36,CZK,Travel,Refund,CZ
1001682,K000083,2026-06-14 00:00:00,239.15,CZK,Entertainment,Purchase,CZ
1001683,K000083,2026-01-14 00:00:00,2664.46,CZK,Travel,Purchase,CZ
1001684,K000083,2026-03-28 00:00:00,2641.15,CZK,Groceries,Purchase,CZ
1001685,K000083,2026-04-04 00:00:00,9375.25,CZK,Travel,Withdrawal,CZ
1001686,K000084,2026-04-20 00:00:00,3928.8,CZK,Groceries,Purchase,CZ
1001687,K000084,2026-06-01 00:00:00,1833.1,CZK,Electronics,Purchase,CZ
1001688,K000084,2026-05-10 00:00:00,2250.2,CZK,Fuel,Withdrawal,CZ
1001689,K000084,2026-02-04 00:00:00,1073.01,CZK,Groceries,Purchase,CZ
1001690,K000084,2026-06-17 00:00:00,3947.97,CZK,Healthcare,Purchase,CZ
1001691,K000084,2026-03-08 00:00:00,3123.22,EUR,,Purchase,PL
1001692,K000084,2026-05-19 00:00:00,3889.38,CZK,Fuel,Purchase,CZ
1001693,K000084,2026-04-15 00:00:00,1656.29,CZK,Fuel,Withdrawal,CZ
1001694,K000084,2026-05-22 00:00:00,1171.44,CZK,Fuel,Purchase,CZ
1001695,K000084,2026-04-02 00:00:00,55.09,CZK,Travel,Purchase,CZ
1001696,K000084,2026-01-30 00:00:00,7193.04,CZK,Groceries,Withdrawal,CZ
1001697,K000084,2026-03-22 00:00:00,4708.46,EUR,Fuel,Withdrawal,SK
1001698,K000084,2026-03-16 00:00:00,-750.8,CZK,Other,Refund,CZ
1001699,K000084,2026-01-08 00:00:00,337.51,CZK,Travel,Purchase,AT
1001700,K000084,2026-03-19 00:00:00,1699.35,EUR,Restaurants,Withdrawal,AT
1001701,K000084,2026-05-01 00:00:00,2944.42,CZK,Fuel,Purchase,CZ
1001702,K000084,2026-05-11 00:00:00,1572.83,CZK,Groceries,Purchase,CZ
1001703,K000084,2026-02-28 00:00:00,6842.53,CZK,Other,Withdrawal,CZ
1001704,K000084,2026-03-03 00:00:00,3266.57,CZK,Other,Purchase,CZ
1001705,K000084,2026-06-01 00:00:00,5674.95,CZK,Groceries,Withdrawal,CZ
1001706,K000084,2026-06-04 00:00:00,1227.25,CZK,Healthcare,Purchase,CZ
1001707,K000084,2026-01-18 00:00:00,1000.34,CZK,Other,Purchase,CZ
1001708,K000084,2026-01-22 00:00:00,418.27,CZK,Restaurants,Purchase,CZ
1001709,K000084,2026-05-22 00:00:00,130.96,CZK,Healthcare,Purchase,CZ
1001710,K000084,2026-02-11 00:00:00,1113.95,CZK,Fuel,Purchase,CZ
1001711,K000084,2026-01-03 00:00:00,2988.59,CZK,Travel,Purchase,CZ
1001712,K000084,2026-01-09 00:00:00,3424.24,CZK,Healthcare,Withdrawal,CZ
1001713,K000085,2026-05-17 00:00:00,3828.92,CZK,Other,Purchase,CZ
1001714,K000085,2026-04-07 00:00:00,1836.1,CZK,Electronics,Purchase,CZ
1001715,K000085,2026-06-08 00:00:00,766.07,CZK,Fuel,Purchase,CZ
1001716,K000085,2026-02-27 00:00:00,-322.65,CZK,Restaurants,Refund,CZ
1001717,K000085,2026-01-26 00:00:00,598.4,CZK,Healthcare,Purchase,CZ
1001718,K000085,2026-02-15 00:00:00,745.57,CZK,Other,Purchase,CZ
1001719,K000085,2026-01-02 00:00:00,1452.06,CZK,Electronics,Purchase,CZ
1001720,K000085,2026-05-09 00:00:00,-8302.57,CZK,Healthcare,Withdrawal,CZ
1001721,K000085,2026-05-30 00:00:00,1011.9,CZK,Other,Purchase,CZ
1001722,K000085,2026-01-16 00:00:00,2849.5,CZK,Healthcare,Purchase,CZ
1001723,K000085,2026-03-29 00:00:00,2815.05,CZK,Entertainment,Purchase,AT
1001724,K000085,2026-04-26 00:00:00,-1854.95,CZK,Entertainment,Withdrawal,CZ
1001725,K000085,2026-02-25 00:00:00,1571.03,CZK,Restaurants,Purchase,CZ
1001726,K000085,2026-04-07 00:00:00,1018.0,CZK,Travel,Purchase,AT
1001727,K000085,2026-06-23 00:00:00,367.1,CZK,Healthcare,Purchase,CZ
1001728,K000085,2026-03-29 00:00:00,2610.01,CZK,Groceries,Purchase,CZ
1001729,K000085,2026-02-10 00:00:00,3550.95,CZK,Restaurants,Withdrawal,CZ
1001730,K000085,2026-06-09 00:00:00,2716.93,CZK,Other,Purchase,CZ
1001731,K000085,2026-06-11 00:00:00,1021.99,CZK,Restaurants,Purchase,CZ
1001732,K000085,2026-05-30 00:00:00,3284.01,CZK,Entertainment,Purchase,CZ
1001733,K000085,2026-05-08 00:00:00,6259.6,CZK,Electronics,Withdrawal,CZ
1001734,K000085,2026-03-28 00:00:00,3636.06,CZK,Restaurants,Purchase,CZ
1001735,K000085,2026-03-08 00:00:00,2033.71,CZK,Fuel,Purchase,AT
1001736,K000085,2026-05-06 00:00:00,5220.86,CZK,Entertainment,Withdrawal,CZ
1001737,K000085,2026-05-15 00:00:00,1135.42,CZK,Entertainment,Purchase,CZ
1001738,K000086,2026-04-11 00:00:00,3182.41,CZK,Restaurants,Purchase,CZ
1001739,K000086,2026-05-05 00:00:00,1414.43,EUR,Other,Purchase,AT
1001740,K000086,2026-03-22 00:00:00,-557.35,CZK,Healthcare,Refund,CZ
1001741,K000087,2026-05-28 00:00:00,705.96,EUR,Groceries,Withdrawal,DE
1001742,K000087,2026-03-25 00:00:00,483.94,CZK,Healthcare,Purchase,CZ
1001743,K000087,2026-04-25 00:00:00,3781.4,CZK,Other,Purchase,CZ
1001744,K000087,2026-02-25 00:00:00,597.01,CZK,Healthcare,Purchase,CZ
1001745,K000087,2026-06-18 00:00:00,3160.32,CZK,Groceries,Purchase,CZ
1001746,K000087,2026-03-30 00:00:00,3515.02,CZK,Travel,Purchase,CZ
1001747,K000087,2026-01-14 00:00:00,2463.31,CZK,Fuel,Purchase,CZ
1001748,K000087,2026-02-19 00:00:00,7087.45,CZK,Travel,Withdrawal,CZ
1001749,K000087,2026-04-12 00:00:00,611.63,CZK,Fuel,Withdrawal,CZ
1001750,K000087,2026-05-14 00:00:00,3954.34,CZK,Groceries,Purchase,CZ
1001751,K000087,2026-01-13 00:00:00,-296.68,CZK,Electronics,Refund,CZ
1001752,K000087,2026-02-24 00:00:00,1555.05,CZK,Healthcare,Purchase,CZ
1001753,K000087,2026-06-13 00:00:00,3414.69,CZK,Travel,Purchase,CZ
1001754,K000087,2026-06-03 00:00:00,-1838.59,CZK,Groceries,Refund,CZ
1001755,K000087,2026-02-18 00:00:00,3475.3,CZK,Entertainment,Purchase,CZ
1001756,K000087,2026-06-17 00:00:00,3271.85,CZK,Groceries,Withdrawal,CZ
1001757,K000087,2026-01-13 00:00:00,5982.23,CZK,Travel,Withdrawal,CZ
1001758,K000087,2026-01-18 00:00:00,302.3,CZK,Entertainment,Purchase,CZ
1001759,K000087,2026-02-24 00:00:00,456.96,CZK,Travel,Purchase,CZ
1001760,K000087,2026-04-01 00:00:00,2574.69,CZK,Entertainment,Purchase,CZ
1001761,K000087,2026-04-25 00:00:00,5714.69,CZK,Groceries,Withdrawal,CZ
1001762,K000087,2026-04-29 00:00:00,5507.6,CZK,Other,Withdrawal,CZ
1001763,K000088,2026-01-24 00:00:00,-877.37,CZK,Restaurants,Refund,CZ
1001764,K000088,2026-05-27 00:00:00,1457.18,CZK,Electronics,Purchase,CZ
1001765,K000088,2026-01-17 00:00:00,8715.96,CZK,Electronics,Withdrawal,CZ
1001766,K000088,2026-03-07 00:00:00,1423.72,CZK,Entertainment,Purchase,CZ
1001767,K000088,2026-03-03 00:00:00,3056.28,CZK,Healthcare,Purchase,CZ
1001768,K000088,2026-01-25 00:00:00,3683.94,EUR,Travel,Withdrawal,PL
1001769,K000088,2028-08-30 00:00:00,561.37,CZK,Fuel,Withdrawal,PL
1001770,K000088,2026-05-03 00:00:00,2607.03,CZK,Entertainment,Purchase,CZ
1001771,K000088,2026-01-16 00:00:00,4020.86,CZK,Electronics,Withdrawal,CZ
1001772,K000088,2026-05-20 00:00:00,-64.93,CZK,Fuel,Refund,CZ
1001773,K000088,2026-01-03 00:00:00,5777.91,CZK,Other,Withdrawal,CZ
1001774,K000088,2026-05-01 00:00:00,-276.11,CZK,Fuel,Refund,CZ
1001775,K000088,2026-06-27 00:00:00,-436.92,CZK,Other,Refund,DE
1001776,K000088,2026-01-13 00:00:00,814.18,CZK,Groceries,Purchase,CZ
1001777,K000088,2026-06-18 00:00:00,1815.79,CZK,Healthcare,Purchase,PL
1001778,K000088,2026-04-07 00:00:00,3098.93,CZK,Travel,Purchase,CZ
1001779,K000088,2026-06-06 00:00:00,1185.91,CZK,,Purchase,CZ
1001780,K000088,2026-02-08 00:00:00,9477.28,CZK,Entertainment,Withdrawal,CZ
1001781,K000088,2026-04-28 00:00:00,552.38,CZK,Travel,Purchase,CZ
1001782,K000088,2026-06-09 00:00:00,1173.83,CZK,Restaurants,Purchase,CZ
1001783,K000088,2026-06-13 00:00:00,-691.07,CZK,Restaurants,Refund,CZ
1001784,K000088,2028-08-07 00:00:00,1635.24,CZK,Travel,Purchase,CZ
1001785,K000088,2026-03-28 00:00:00,3422.87,CZK,Electronics,Purchase,CZ
1001786,K000088,2026-01-23 00:00:00,1641.53,CZK,Healthcare,Purchase,CZ
1001787,K000088,2026-05-10 00:00:00,1170.34,CZK,Groceries,Purchase,CZ
1001788,K000088,2026-01-24 00:00:00,4372.85,CZK,Fuel,Withdrawal,CZ
1001789,K000088,2026-05-18 00:00:00,9065.6,CZK,Fuel,Withdrawal,CZ
1001790,K000088,2026-01-11 00:00:00,6749.38,CZK,Groceries,Withdrawal,CZ
1001791,K000088,2026-06-20 00:00:00,2377.45,CZK,Electronics,Purchase,CZ
1001792,K000088,2026-05-07 00:00:00,2932.05,EUR,Electronics,Purchase,AT
1001793,K000088,2026-06-17 00:00:00,8409.76,CZK,,Withdrawal,SK
1001794,K000088,2026-05-31 00:00:00,977.44,CZK,Groceries,Purchase,CZ
1001795,K000089,2026-05-17 00:00:00,3796.0,CZK,Restaurants,Purchase,CZ
1001796,K000089,2026-06-03 00:00:00,2971.4,CZK,Electronics,Purchase,CZ
1001797,K000089,2026-04-17 00:00:00,4242.13,CZK,Restaurants,Withdrawal,CZ
1001798,K000089,2026-02-05 00:00:00,3419.55,CZK,Other,Purchase,CZ
1001799,K000089,2026-03-07 00:00:00,9157.93,CZK,Restaurants,Withdrawal,CZ
1001800,K000089,2026-03-31 00:00:00,-2979.64,EUR,Other,Purchase,PL
1001801,K000089,2026-02-05 00:00:00,-1506.64,CZK,Electronics,Refund,CZ
1001802,K000089,2026-04-15 00:00:00,1486.54,CZK,Restaurants,Withdrawal,CZ
1001803,K000089,2026-05-03 00:00:00,2146.54,CZK,Electronics,Purchase,CZ
1001804,K000089,2026-05-15 00:00:00,4266.87,CZK,Other,Withdrawal,DE
1001805,K000089,2026-02-17 00:00:00,3331.67,CZK,Electronics,Purchase,CZ
1001806,K000089,2026-04-12 00:00:00,-683.49,CZK,Groceries,Refund,CZ
1001807,K000089,2026-05-29 00:00:00,2165.07,CZK,Other,Purchase,CZ
1001808,K000089,2026-02-08 00:00:00,2009.22,CZK,Electronics,Purchase,AT
1001809,K000089,2026-03-23 00:00:00,-1885.32,CZK,Restaurants,Refund,CZ
1001810,K000089,2026-04-10 00:00:00,2308.05,CZK,Entertainment,Purchase,CZ
1001811,K000089,2026-03-31 00:00:00,2610.73,CZK,Healthcare,Purchase,CZ
1001812,K000089,2026-06-16 00:00:00,2433.7,CZK,Fuel,Purchase,CZ
1001813,K000089,2026-04-25 00:00:00,2575.84,CZK,Groceries,Purchase,CZ
1001814,K000089,2026-05-31 00:00:00,3514.89,CZK,,Purchase,CZ
1001815,K000089,2026-04-11 00:00:00,2307.9,CZK,Entertainment,Purchase,CZ
1001816,K000089,2026-02-16 00:00:00,2438.68,CZK,Groceries,Purchase,CZ
1001817,K000089,2026-01-11 00:00:00,822.48,CZK,Fuel,Purchase,PL
1001818,K000089,2026-03-08 00:00:00,3783.5,CZK,Groceries,Purchase,CZ
1001819,K000090,2026-05-07 00:00:00,3398.22,EUR,Entertainment,Withdrawal,PL
1001820,K000090,2026-01-13 00:00:00,872.7,CZK,Entertainment,Purchase,CZ
1001821,K000090,2026-03-26 00:00:00,3590.48,CZK,Healthcare,Purchase,CZ
1001822,K000090,2026-05-12 00:00:00,5313.43,CZK,Electronics,Withdrawal,CZ
1001823,K000090,2026-04-01 00:00:00,682.08,EUR,Healthcare,Purchase,AT
1001824,K000090,2026-03-03 00:00:00,1869.86,CZK,Travel,Purchase,CZ
1001825,K000090,2026-06-16 00:00:00,912.85,CZK,Electronics,Purchase,CZ
1001826,K000090,2026-04-21 00:00:00,800.9,CZK,Travel,Withdrawal,CZ
1001827,K000090,2026-01-16 00:00:00,740.73,CZK,Groceries,Purchase,CZ
1001828,K000090,2026-02-20 00:00:00,-1226.84,CZK,Other,Refund,CZ
1001829,K000090,2026-05-06 00:00:00,1115.08,CZK,Groceries,Purchase,CZ
1001830,K000090,2026-01-08 00:00:00,3971.59,CZK,Fuel,Purchase,CZ
1001831,K000090,2026-06-12 00:00:00,2648.84,CZK,Electronics,Purchase,CZ
1001832,K000090,2026-01-17 00:00:00,3098.53,CZK,Electronics,Purchase,CZ
1001833,K000090,2026-06-08 00:00:00,7386.39,CZK,Entertainment,Withdrawal,CZ
1001834,K000090,2026-03-12 00:00:00,1869.84,CZK,Healthcare,Purchase,AT
1001835,K000090,2026-06-27 00:00:00,2137.69,CZK,Entertainment,Purchase,CZ
1001836,K000090,2026-01-21 00:00:00,211.86,CZK,Restaurants,Purchase,CZ
1001837,K000090,2026-03-24 00:00:00,3696.48,CZK,Electronics,Purchase,CZ
1001838,K000090,2026-01-09 00:00:00,3388.54,CZK,Other,Purchase,CZ
1001839,K000090,2026-01-25 00:00:00,3330.3,CZK,Fuel,Purchase,CZ
1001840,K000090,2026-03-07 00:00:00,2079.1,CZK,Other,Purchase,CZ
1001841,K000090,2026-01-04 00:00:00,2305.53,CZK,Electronics,Purchase,CZ
1001842,K000090,2026-03-02 00:00:00,-899.86,CZK,Entertainment,Refund,CZ
1001843,K000090,2026-03-26 00:00:00,3674.86,CZK,Healthcare,Purchase,CZ
1001844,K000091,2026-02-14 00:00:00,3112.83,CZK,Groceries,Purchase,CZ
1001845,K000091,2026-03-30 00:00:00,275.88,CZK,Healthcare,Purchase,CZ
1001846,K000091,2026-01-12 00:00:00,2756.69,CZK,Entertainment,Withdrawal,CZ
1001847,K000091,2026-04-24 00:00:00,302.5,CZK,Groceries,Purchase,CZ
1001848,K000091,2026-06-10 00:00:00,3410.82,CZK,Healthcare,Purchase,CZ
1001849,K000091,2026-04-06 00:00:00,200.63,CZK,Other,Purchase,CZ
1001850,K000091,2026-06-23 00:00:00,630.96,CZK,Other,Purchase,CZ
1001851,K000091,2026-04-10 00:00:00,-466.58,CZK,Healthcare,Refund,CZ
1001852,K000091,2026-06-07 00:00:00,5147.13,CZK,Restaurants,Withdrawal,CZ
1001853,K000091,2026-03-05 00:00:00,1322.94,CZK,Other,Purchase,CZ
1001854,K000091,2026-01-07 00:00:00,-1832.32,CZK,Entertainment,Purchase,CZ
1001855,K000092,2026-06-08 00:00:00,1054.47,CZK,,Purchase,SK
1001856,K000092,2026-06-15 00:00:00,2263.82,CZK,Electronics,Purchase,CZ
1001857,K000092,2026-03-21 00:00:00,2398.06,CZK,Healthcare,Purchase,CZ
1001858,K000092,2026-06-16 00:00:00,2889.37,CZK,Other,Purchase,CZ
1001859,K000092,2026-03-18 00:00:00,1888.86,CZK,Restaurants,Withdrawal,CZ
1001860,K000093,2026-05-21 00:00:00,3491.82,CZK,Travel,Purchase,CZ
1001861,K000093,2026-01-26 00:00:00,439.23,CZK,Entertainment,Purchase,CZ
1001862,K000093,2026-02-14 00:00:00,7008.84,CZK,Healthcare,Withdrawal,CZ
1001863,K000093,2026-06-13 00:00:00,2756.81,CZK,Restaurants,Withdrawal,CZ
1001864,K000093,2026-05-03 00:00:00,1890.13,CZK,Other,Purchase,CZ
1001865,K000093,2026-02-17 00:00:00,369.13,EUR,Groceries,Purchase,SK
1001866,K000093,2026-01-30 00:00:00,3491.88,CZK,Entertainment,Purchase,CZ
1001867,K000093,2028-07-29 00:00:00,485.01,CZK,Travel,Purchase,CZ
1001868,K000093,2026-03-19 00:00:00,2441.76,CZK,Entertainment,Purchase,CZ
1001869,K000093,2026-01-30 00:00:00,359.08,CZK,Restaurants,Purchase,CZ
1001870,K000093,2026-06-22 00:00:00,8541.34,CZK,Restaurants,Withdrawal,CZ
1001871,K000093,2026-04-13 00:00:00,914.1,CZK,Electronics,Purchase,CZ
1001872,K000093,2026-02-20 00:00:00,3002.39,CZK,Fuel,Purchase,CZ
1001873,K000093,2026-06-17 00:00:00,-638.76,CZK,Fuel,Refund,CZ
1001874,K000093,2028-08-18 00:00:00,3231.87,CZK,Travel,Purchase,CZ
1001875,K000093,2026-06-21 00:00:00,945.72,CZK,Healthcare,Purchase,CZ
1001876,K000093,2026-04-17 00:00:00,4188.83,CZK,Healthcare,Withdrawal,CZ
1001877,K000093,2026-05-04 00:00:00,3128.67,CZK,,Purchase,CZ
1001878,K000093,2026-05-05 00:00:00,2929.3,CZK,Entertainment,Purchase,CZ
1001879,K000093,2026-02-16 00:00:00,9506.38,EUR,Other,Withdrawal,PL
1001880,K000094,2026-03-13 00:00:00,1539.63,CZK,Restaurants,Purchase,CZ
1001881,K000094,2026-04-26 00:00:00,1945.27,CZK,,Purchase,CZ
1001882,K000094,2026-04-25 00:00:00,-1321.41,CZK,Other,Refund,CZ
1001883,K000094,2026-05-14 00:00:00,3582.84,CZK,Groceries,Purchase,CZ
1001884,K000094,2026-02-04 00:00:00,2207.83,CZK,Healthcare,Purchase,CZ
1001885,K000094,2026-01-25 00:00:00,3979.86,CZK,,Purchase,CZ
1001886,K000094,2026-02-24 00:00:00,8719.94,CZK,Restaurants,Withdrawal,DE
1001887,K000094,2026-02-13 00:00:00,-1673.97,CZK,Healthcare,Refund,CZ
1001888,K000094,2026-06-02 00:00:00,3659.73,CZK,Electronics,Purchase,CZ
1001889,K000094,2026-06-26 00:00:00,1008.74,CZK,Groceries,Withdrawal,CZ
1001890,K000094,2026-02-23 00:00:00,1732.77,CZK,Fuel,Purchase,CZ
1001891,K000094,2026-02-26 00:00:00,3358.44,CZK,Entertainment,Purchase,CZ
1001892,K000094,2026-01-10 00:00:00,272.32,CZK,Entertainment,Purchase,CZ
1001893,K000094,2026-04-06 00:00:00,1399.9,CZK,Electronics,Purchase,CZ
1001894,K000094,2026-05-31 00:00:00,1953.22,CZK,Fuel,Purchase,CZ
1001895,K000094,2026-03-24 00:00:00,1162.53,CZK,Entertainment,Withdrawal,CZ
1001896,K000094,2026-01-18 00:00:00,-1899.93,CZK,Healthcare,Refund,CZ
1001897,K000094,2026-01-28 00:00:00,197.42,CZK,Travel,Purchase,CZ
1001898,K000094,2026-01-26 00:00:00,1307.44,CZK,Groceries,Purchase,CZ
1001899,K000095,2026-05-01 00:00:00,1383.82,CZK,Healthcare,Purchase,CZ
1001900,K000095,2026-03-20 00:00:00,1886.01,CZK,Groceries,Purchase,CZ
1001901,K000095,2026-06-06 00:00:00,4878.57,CZK,Entertainment,Withdrawal,CZ
1001902,K000095,2026-01-24 00:00:00,3515.51,CZK,Electronics,Purchase,PL
1001903,K000095,2026-05-03 00:00:00,2841.12,CZK,Fuel,Purchase,CZ
1001904,K000096,2026-06-15 00:00:00,-233.41,CZK,Electronics,Refund,CZ
1001905,K000096,2026-01-16 00:00:00,2947.4,CZK,Groceries,Purchase,CZ
1001906,K000096,2026-05-20 00:00:00,1110.4,CZK,Travel,Purchase,CZ
1001907,K000096,2026-06-21 00:00:00,3243.61,CZK,,Purchase,CZ
1001908,K000096,2026-04-23 00:00:00,1363.18,EUR,Restaurants,Withdrawal,PL
1001909,K000096,2026-01-03 00:00:00,1270.27,CZK,Restaurants,Purchase,CZ
1001910,K000096,2026-04-30 00:00:00,1775.23,CZK,Groceries,Withdrawal,CZ
1001911,K000096,2026-02-15 00:00:00,3296.15,CZK,Entertainment,Purchase,CZ
1001912,K000096,2026-06-07 00:00:00,3960.8,CZK,Electronics,Purchase,CZ
1001913,K000096,2026-04-08 00:00:00,-875.68,CZK,Entertainment,Refund,CZ
1001914,K000096,2026-05-18 00:00:00,3347.32,CZK,Electronics,Purchase,CZ
1001915,K000096,2026-01-05 00:00:00,3402.67,CZK,Fuel,Withdrawal,CZ
1001916,K000096,2026-04-07 00:00:00,791.89,CZK,Travel,Purchase,CZ
1001917,K000096,2026-05-18 00:00:00,874.31,CZK,Healthcare,Purchase,CZ
1001918,K000096,2026-06-06 00:00:00,3115.38,CZK,Travel,Purchase,CZ
1001919,K000097,2026-02-15 00:00:00,-1131.25,CZK,Electronics,Refund,CZ
1001920,K000097,2026-01-06 00:00:00,3048.52,CZK,Entertainment,Purchase,CZ
1001921,K000097,2026-05-03 00:00:00,1736.33,CZK,Healthcare,Purchase,CZ
1001922,K000097,2026-02-23 00:00:00,4968.08,CZK,Restaurants,Withdrawal,CZ
1001923,K000097,2028-04-23 00:00:00,2375.38,CZK,Other,Purchase,CZ
1001924,K000097,2026-03-12 00:00:00,1637.76,CZK,Healthcare,Purchase,CZ
1001925,K000097,2026-05-18 00:00:00,1663.9,CZK,Groceries,Purchase,CZ
1001926,K000097,2026-04-21 00:00:00,6401.64,CZK,Electronics,Withdrawal,CZ
1001927,K000097,2026-03-08 00:00:00,3325.61,CZK,Groceries,Purchase,CZ
1001928,K000097,2026-01-20 00:00:00,129.01,CZK,Travel,Purchase,CZ
1001929,K000097,2026-06-24 00:00:00,3880.14,CZK,Healthcare,Purchase,CZ
1001930,K000097,2026-03-25 00:00:00,-592.57,CZK,,Refund,CZ
1001931,K000097,2026-04-15 00:00:00,3796.15,CZK,Fuel,Purchase,CZ
1001932,K000097,2026-03-09 00:00:00,1912.93,CZK,Entertainment,Purchase,CZ
1001933,K000097,2026-02-01 00:00:00,3639.16,CZK,Electronics,Withdrawal,CZ
1001934,K000097,2026-05-06 00:00:00,8808.17,CZK,Restaurants,Withdrawal,CZ
1001935,K000097,2026-03-05 00:00:00,3047.03,CZK,Groceries,Purchase,CZ
1001936,K000097,2026-02-20 00:00:00,2894.36,CZK,Fuel,Purchase,CZ
1001937,K000097,2026-05-28 00:00:00,3235.72,CZK,,Purchase,CZ
1001938,K000097,2026-05-09 00:00:00,7227.07,CZK,Other,Withdrawal,CZ
1001939,K000097,2026-02-25 00:00:00,3784.15,CZK,Travel,Purchase,CZ
1001940,K000097,2026-02-24 00:00:00,3134.49,CZK,Electronics,Purchase,CZ
1001941,K000097,2026-05-18 00:00:00,928.28,CZK,Other,Purchase,CZ
1001942,K000097,2026-01-13 00:00:00,8916.13,CZK,Other,Withdrawal,CZ
1001943,K000097,2026-04-20 00:00:00,4187.18,CZK,Entertainment,Withdrawal,CZ
1001944,K000097,2026-05-11 00:00:00,3551.57,EUR,Other,Purchase,AT
1001945,K000097,2026-06-25 00:00:00,-1686.66,CZK,Entertainment,Refund,CZ
1001946,K000097,2026-04-25 00:00:00,8757.52,CZK,Other,Withdrawal,CZ
1001947,K000097,2026-04-18 00:00:00,3494.87,CZK,Healthcare,Purchase,CZ
1001948,K000097,2026-01-21 00:00:00,1227.29,CZK,Electronics,Purchase,CZ
1001949,K000097,2026-02-23 00:00:00,177.66,CZK,Travel,Purchase,CZ
1001950,K000097,2026-04-15 00:00:00,1925.14,CZK,Entertainment,Withdrawal,CZ
1001951,K000097,2026-03-27 00:00:00,1400.73,CZK,Fuel,Purchase,PL
1001952,K000097,2026-06-11 00:00:00,1892.34,CZK,Restaurants,Purchase,CZ
1001953,K000097,2026-03-04 00:00:00,3935.89,CZK,Healthcare,Withdrawal,CZ
1001954,K000097,2026-01-21 00:00:00,1307.21,CZK,Travel,Purchase,CZ
1001955,K000097,2026-01-20 00:00:00,1728.95,CZK,Healthcare,Purchase,CZ
1001956,K000097,2026-06-21 00:00:00,2355.02,CZK,Healthcare,Purchase,CZ
1001957,K000097,2026-02-07 00:00:00,576.01,CZK,Entertainment,Purchase,CZ
1001958,K000097,2026-06-14 00:00:00,7163.14,CZK,,Withdrawal,CZ
1001959,K000098,2026-05-08 00:00:00,3497.68,CZK,Healthcare,Withdrawal,CZ
1001960,K000098,2026-02-09 00:00:00,904.31,CZK,Groceries,Purchase,CZ
1001961,K000098,2026-03-20 00:00:00,2383.58,CZK,Entertainment,Purchase,CZ
1001962,K000098,2026-04-27 00:00:00,525.3,CZK,Restaurants,Withdrawal,CZ
1001963,K000098,2026-06-22 00:00:00,2042.97,CZK,Restaurants,Purchase,CZ
1001964,K000098,2026-06-24 00:00:00,-1735.83,CZK,Restaurants,Refund,AT
1001965,K000098,2028-06-28 00:00:00,822.6,CZK,Entertainment,Purchase,CZ
1001966,K000098,2026-01-21 00:00:00,2132.55,CZK,Restaurants,Purchase,CZ
1001967,K000098,2026-06-04 00:00:00,2498.51,EUR,Restaurants,Purchase,PL
1001968,K000098,2026-04-03 00:00:00,-265.67,CZK,Fuel,Refund,CZ
1001969,K000098,2026-02-22 00:00:00,3060.71,CZK,Groceries,Purchase,CZ
1001970,K000098,2026-02-20 00:00:00,1571.46,CZK,Fuel,Purchase,CZ
1001971,K000098,2026-02-10 00:00:00,5955.22,CZK,Groceries,Withdrawal,CZ
1001972,K000098,2026-01-27 00:00:00,1915.12,CZK,Restaurants,Purchase,CZ
1001973,K000098,2026-04-13 00:00:00,3536.48,CZK,Groceries,Purchase,AT
1001974,K000098,2026-01-10 00:00:00,90.54,CZK,Restaurants,Purchase,CZ
1001975,K000099,2026-04-03 00:00:00,1285.81,CZK,Healthcare,Purchase,CZ
1001976,K000099,2026-03-20 00:00:00,3143.19,CZK,Restaurants,Purchase,CZ
1001977,K000099,2026-06-07 00:00:00,1697.06,CZK,Restaurants,Purchase,CZ
1001978,K000099,2026-01-27 00:00:00,2482.64,CZK,Fuel,Purchase,CZ
1001979,K000099,2026-03-06 00:00:00,2165.41,CZK,Fuel,Purchase,CZ
1001980,K000099,2026-01-22 00:00:00,2570.24,CZK,Healthcare,Purchase,SK
1001981,K000099,2026-06-11 00:00:00,7229.96,CZK,,Withdrawal,CZ
1001982,K000099,2026-02-05 00:00:00,-1285.42,CZK,Other,Refund,CZ
1001983,K000099,2026-02-21 00:00:00,2599.28,CZK,Entertainment,Purchase,CZ
1001984,K000099,2026-02-02 00:00:00,3760.14,CZK,Travel,Purchase,CZ
1001985,K000099,2026-01-12 00:00:00,3705.75,CZK,Fuel,Purchase,PL
1001986,K000099,2026-04-08 00:00:00,3175.61,CZK,Healthcare,Purchase,CZ
1001987,K000099,2026-03-18 00:00:00,-828.32,CZK,Groceries,Refund,CZ
1001988,K000099,2026-01-06 00:00:00,3889.61,CZK,Healthcare,Purchase,AT
1001989,K000099,2026-01-10 00:00:00,3371.94,CZK,Other,Purchase,CZ
1001990,K000099,2026-05-11 00:00:00,1730.99,CZK,Electronics,Purchase,CZ
1001991,K000099,2026-04-10 00:00:00,555.51,CZK,Groceries,Purchase,CZ
1001992,K000099,2026-01-26 00:00:00,1153.8,CZK,Other,Purchase,SK
1001993,K000099,2026-02-24 00:00:00,3051.72,CZK,Entertainment,Purchase,CZ
1001994,K000099,2026-05-24 00:00:00,1266.76,CZK,Travel,Purchase,CZ
1001995,K000099,2026-05-25 00:00:00,1789.97,EUR,Restaurants,Purchase,PL
1001996,K000099,2026-02-25 00:00:00,2928.42,CZK,Other,Purchase,CZ
1001997,K000099,2026-05-23 00:00:00,4338.11,CZK,Healthcare,Withdrawal,CZ
1001998,K000099,2026-03-26 00:00:00,3569.13,CZK,Fuel,Purchase,CZ
1001999,K000099,2026-02-10 00:00:00,9060.17,CZK,Electronics,Withdrawal,CZ
1002000,K000099,2026-04-06 00:00:00,5385.27,CZK,Healthcare,Withdrawal,CZ
1002001,K000099,2026-04-15 00:00:00,3798.91,CZK,Electronics,Purchase,CZ
1002002,K000099,2026-03-10 00:00:00,5011.97,CZK,Electronics,Withdrawal,CZ
1002003,K000099,2026-05-03 00:00:00,2851.02,CZK,Other,Purchase,CZ
1002004,K000099,2026-04-28 00:00:00,2837.73,CZK,Fuel,Purchase,CZ
1002005,K000099,2026-03-24 00:00:00,3170.14,CZK,Entertainment,Purchase,CZ
1002006,K000100,2026-04-02 00:00:00,2583.24,CZK,Healthcare,Purchase,CZ
1002007,K000100,2026-06-03 00:00:00,9178.39,CZK,Entertainment,Withdrawal,CZ
1002008,K000100,2026-02-17 00:00:00,807.1,CZK,Entertainment,Purchase,CZ
1002009,K000100,2026-06-16 00:00:00,-331.94,CZK,Electronics,Refund,CZ
1002010,K000100,2026-06-19 00:00:00,2235.52,CZK,Travel,Purchase,CZ
1002011,K000100,2026-06-27 00:00:00,8805.32,CZK,Electronics,Withdrawal,CZ
1002012,K000100,2028-11-28 00:00:00,8769.44,CZK,Healthcare,Withdrawal,CZ
1002013,K000100,2026-05-05 00:00:00,1126.63,CZK,Fuel,Purchase,CZ
1002014,K000100,2026-01-11 00:00:00,1105.93,CZK,Fuel,Purchase,CZ
1002015,K000100,2026-01-13 00:00:00,3704.46,CZK,Restaurants,Purchase,CZ
1002016,K000100,2026-06-26 00:00:00,3815.73,CZK,Fuel,Withdrawal,CZ
1002017,K000100,2026-04-04 00:00:00,3530.9,CZK,Electronics,Purchase,CZ
1002018,K000100,2026-01-06 00:00:00,5715.71,CZK,Fuel,Withdrawal,CZ
1002019,K000100,2026-02-25 00:00:00,2072.39,CZK,Other,Purchase,CZ
1002020,K000100,2026-01-06 00:00:00,3136.04,CZK,Restaurants,Purchase,CZ
1002021,K000100,2026-01-17 00:00:00,655.05,CZK,Restaurants,Purchase,CZ
1002022,K000100,2026-06-04 00:00:00,1746.3,CZK,Electronics,Purchase,CZ
1002023,K000100,2026-06-14 00:00:00,1787.9,CZK,Entertainment,Purchase,CZ
1002024,K000100,2026-01-10 00:00:00,2914.87,CZK,Electronics,Purchase,CZ
1002025,K000100,2026-03-20 00:00:00,1909.46,CZK,Healthcare,Purchase,CZ
1002026,K000100,2026-02-14 00:00:00,3023.5,CZK,Other,Withdrawal,CZ
1002027,K000100,2026-06-27 00:00:00,881.51,CZK,Groceries,Purchase,CZ
1002028,K000100,2026-01-29 00:00:00,1876.26,CZK,Travel,Purchase,CZ
1002029,K000100,2026-01-19 00:00:00,733.15,CZK,Entertainment,Purchase,CZ
1002030,K000100,2026-01-27 00:00:00,2938.35,CZK,Entertainment,Purchase,CZ
1002031,K000100,2026-04-06 00:00:00,649.01,CZK,Entertainment,Purchase,CZ
1002032,K000100,2026-01-05 00:00:00,5116.85,EUR,Entertainment,Withdrawal,SK
1002033,K000100,2026-04-14 00:00:00,5543.58,CZK,Restaurants,Withdrawal,CZ
1002034,K000100,2026-04-16 00:00:00,6724.41,CZK,Groceries,Withdrawal,CZ
1002035,K000100,2026-04-30 00:00:00,9972.37,CZK,Travel,Withdrawal,CZ
1002036,K000100,2026-05-07 00:00:00,8294.89,CZK,Entertainment,Withdrawal,CZ
1002037,K000101,2026-01-11 00:00:00,1169.43,CZK,Restaurants,Purchase,CZ
1002038,K000101,2026-02-18 00:00:00,357.44,CZK,Groceries,Purchase,CZ
1002039,K000101,2026-04-23 00:00:00,3172.78,CZK,Healthcare,Purchase,CZ
1002040,K000101,2026-02-15 00:00:00,1621.58,CZK,Entertainment,Purchase,CZ
1002041,K000101,2026-03-02 00:00:00,-877.23,CZK,Electronics,Refund,CZ
1002042,K000101,2026-05-05 00:00:00,1456.38,CZK,Other,Purchase,CZ
1002043,K000101,2026-02-02 00:00:00,3127.41,CZK,Entertainment,Purchase,CZ
1002044,K000101,2028-07-23 00:00:00,2434.22,CZK,Other,Purchase,CZ
1002045,K000101,2026-06-07 00:00:00,9267.4,CZK,Healthcare,Withdrawal,CZ
1002046,K000101,2026-01-17 00:00:00,2829.2,CZK,Groceries,Purchase,CZ
1002047,K000101,2026-04-27 00:00:00,4651.05,CZK,Healthcare,Withdrawal,CZ
1002048,K000101,2026-05-12 00:00:00,3796.9,CZK,Other,Purchase,CZ
1002049,K000101,2026-03-09 00:00:00,3066.17,CZK,Restaurants,Purchase,CZ
1002050,K000101,2026-02-02 00:00:00,2079.35,CZK,Entertainment,Withdrawal,CZ
1002051,K000101,2026-04-07 00:00:00,3169.39,CZK,Fuel,Purchase,CZ
1002052,K000101,2026-06-08 00:00:00,3525.5,CZK,Travel,Withdrawal,CZ
1002053,K000101,2026-04-06 00:00:00,1302.25,CZK,Restaurants,Purchase,CZ
1002054,K000101,2026-06-26 00:00:00,7114.69,CZK,Other,Withdrawal,CZ
1002055,K000101,2026-01-05 00:00:00,3310.84,CZK,Electronics,Purchase,CZ
1002056,K000101,2026-04-20 00:00:00,3125.45,CZK,Restaurants,Purchase,CZ
1002057,K000101,2026-06-21 00:00:00,-559.02,CZK,Entertainment,Refund,CZ
1002058,K000101,2026-01-16 00:00:00,2189.73,CZK,,Purchase,CZ
1002059,K000101,2026-05-04 00:00:00,1957.47,CZK,,Purchase,CZ
1002060,K000101,2026-06-20 00:00:00,-512.61,CZK,Entertainment,Refund,CZ
1002061,K000101,2026-04-18 00:00:00,6546.83,CZK,Fuel,Withdrawal,CZ
1002062,K000101,2026-05-20 00:00:00,244.84,CZK,Electronics,Purchase,CZ
1002063,K000102,2026-04-10 00:00:00,2938.67,CZK,Restaurants,Withdrawal,CZ
1002064,K000102,2026-03-24 00:00:00,3149.28,CZK,Groceries,Purchase,PL
1002065,K000102,2026-02-28 00:00:00,9981.47,CZK,Groceries,Withdrawal,CZ
1002066,K000102,2026-01-18 00:00:00,1618.57,EUR,Other,Purchase,PL
1002067,K000102,2026-02-14 00:00:00,-180.62,CZK,Fuel,Refund,CZ
1002068,K000102,2026-03-29 00:00:00,738.22,CZK,Groceries,Purchase,CZ
1002069,K000102,2026-05-11 00:00:00,91.33,CZK,Electronics,Purchase,CZ
1002070,K000102,2026-04-05 00:00:00,1227.27,CZK,Restaurants,Purchase,CZ
1002071,K000102,2026-04-03 00:00:00,8587.19,CZK,Travel,Withdrawal,CZ
1002072,K000102,2026-02-25 00:00:00,7476.84,CZK,Restaurants,Withdrawal,CZ
1002073,K000102,2026-05-20 00:00:00,1502.19,CZK,Other,Purchase,CZ
1002074,K000102,2026-01-04 00:00:00,6227.53,CZK,Restaurants,Withdrawal,CZ
1002075,K000102,2026-01-07 00:00:00,1835.01,CZK,Restaurants,Purchase,CZ
1002076,K000102,2026-04-08 00:00:00,-544.07,CZK,Entertainment,Refund,CZ
1002077,K000102,2026-04-25 00:00:00,2251.54,CZK,Other,Purchase,CZ
1002078,K000103,2026-01-16 00:00:00,1332.16,CZK,Other,Purchase,CZ
1002079,K000103,2026-06-21 00:00:00,1916.06,CZK,Fuel,Purchase,CZ
1002080,K000103,2026-04-18 00:00:00,5248.79,CZK,Entertainment,Withdrawal,CZ
1002081,K000103,2026-01-01 00:00:00,8658.46,CZK,Other,Withdrawal,CZ
1002082,K000103,2026-02-25 00:00:00,-804.68,CZK,Fuel,Refund,CZ
1002083,K000103,2026-04-27 00:00:00,3760.22,CZK,Travel,Purchase,CZ
1002084,K000103,2026-04-16 00:00:00,3815.78,CZK,Other,Purchase,CZ
1002085,K000103,2026-06-22 00:00:00,2071.36,CZK,Healthcare,Purchase,CZ
1002086,K000103,2026-02-23 00:00:00,3956.47,CZK,Groceries,Purchase,CZ
1002087,K000103,2026-03-08 00:00:00,1696.61,CZK,Fuel,Purchase,PL
1002088,K000103,2026-02-25 00:00:00,2214.05,CZK,Other,Purchase,CZ
1002089,K000103,2026-04-27 00:00:00,3039.63,CZK,Healthcare,Purchase,CZ
1002090,K000103,2026-02-27 00:00:00,2994.45,CZK,Restaurants,Purchase,CZ
1002091,K000103,2026-04-23 00:00:00,2237.9,CZK,Groceries,Purchase,CZ
1002092,K000103,2026-06-17 00:00:00,810.74,CZK,Fuel,Purchase,CZ
1002093,K000103,2026-05-31 00:00:00,3160.62,CZK,Healthcare,Purchase,CZ
1002094,K000103,2026-03-08 00:00:00,2467.29,CZK,Other,Purchase,CZ
1002095,K000103,2026-04-11 00:00:00,406.86,CZK,Groceries,Purchase,CZ
1002096,K000103,2026-04-08 00:00:00,5779.02,CZK,Entertainment,Withdrawal,CZ
1002097,K000103,2026-01-30 00:00:00,-5442.68,CZK,Entertainment,Withdrawal,DE
1002098,K000103,2026-03-24 00:00:00,3973.76,CZK,Groceries,Purchase,CZ
1002099,K000103,2026-04-19 00:00:00,-1111.5,CZK,Electronics,Refund,CZ
1002100,K000103,2026-02-03 00:00:00,9212.01,CZK,Entertainment,Withdrawal,CZ
1002101,K000103,2026-04-17 00:00:00,6787.41,CZK,Other,Withdrawal,CZ
1002102,K000103,2026-05-13 00:00:00,1224.74,CZK,Entertainment,Withdrawal,CZ
1002103,K000103,2026-02-14 00:00:00,2682.81,CZK,Healthcare,Purchase,CZ
1002104,K000103,2026-02-19 00:00:00,1910.48,CZK,Groceries,Purchase,CZ
1002105,K000103,2026-05-05 00:00:00,3759.04,CZK,Groceries,Purchase,CZ
1002106,K000103,2026-05-06 00:00:00,-180.31,CZK,Fuel,Refund,CZ
1002107,K000103,2026-01-18 00:00:00,1689.46,CZK,Groceries,Purchase,CZ
1002108,K000103,2026-04-02 00:00:00,1816.9,CZK,Electronics,Purchase,CZ
1002109,K000103,2026-04-12 00:00:00,-716.23,CZK,Electronics,Refund,CZ
1002110,K000104,2026-05-10 00:00:00,2243.79,CZK,Groceries,Purchase,CZ
1002111,K000104,2026-01-23 00:00:00,-349.38,CZK,Travel,Refund,CZ
1002112,K000104,2026-05-17 00:00:00,-2555.36,CZK,Restaurants,Purchase,CZ
1002113,K000104,2026-05-08 00:00:00,-1355.15,CZK,Restaurants,Refund,CZ
1002114,K000104,2026-01-12 00:00:00,2909.1,CZK,Fuel,Purchase,PL
1002115,K000104,2026-03-10 00:00:00,1932.64,CZK,Restaurants,Purchase,CZ
1002116,K000104,2026-06-11 00:00:00,1234.59,CZK,Other,Withdrawal,CZ
1002117,K000104,2026-06-03 00:00:00,-959.96,CZK,Restaurants,Refund,AT
1002118,K000104,2026-03-18 00:00:00,6036.83,CZK,Restaurants,Withdrawal,CZ
1002119,K000104,2026-05-20 00:00:00,2629.88,CZK,Other,Purchase,CZ
1002120,K000104,2026-03-02 00:00:00,5060.16,CZK,Electronics,Withdrawal,CZ
1002121,K000104,2026-02-20 00:00:00,6415.04,CZK,Healthcare,Withdrawal,CZ
1002122,K000104,2026-01-29 00:00:00,8588.39,CZK,Groceries,Withdrawal,CZ
1002123,K000104,2026-06-07 00:00:00,3067.0,CZK,,Withdrawal,CZ
1002124,K000104,2026-03-17 00:00:00,249.73,CZK,Travel,Purchase,CZ
1002125,K000104,2026-01-17 00:00:00,1937.63,CZK,Healthcare,Purchase,CZ
1002126,K000104,2026-06-27 00:00:00,657.47,CZK,Electronics,Purchase,CZ
1002127,K000104,2026-01-22 00:00:00,281.66,CZK,Other,Purchase,CZ
1002128,K000104,2026-01-30 00:00:00,1277.42,CZK,Entertainment,Purchase,CZ
1002129,K000104,2026-01-04 00:00:00,547.2,CZK,Entertainment,Purchase,CZ
1002130,K000104,2026-03-11 00:00:00,2322.07,CZK,Entertainment,Purchase,CZ
1002131,K000104,2026-06-25 00:00:00,1932.83,CZK,Electronics,Purchase,CZ
1002132,K000104,2026-01-06 00:00:00,2053.49,CZK,Electronics,Withdrawal,CZ
1002133,K000104,2026-01-03 00:00:00,2272.93,CZK,Groceries,Purchase,CZ
1002134,K000104,2026-04-27 00:00:00,3461.76,CZK,Electronics,Withdrawal,CZ
1002135,K000104,2026-03-25 00:00:00,-1443.08,CZK,Restaurants,Refund,CZ
1002136,K000104,2026-05-07 00:00:00,1081.07,CZK,Travel,Withdrawal,DE
1002137,K000104,2026-03-20 00:00:00,125.94,CZK,Fuel,Purchase,CZ
1002138,K000105,2026-03-30 00:00:00,928.61,CZK,Restaurants,Purchase,CZ
1002139,K000105,2026-03-05 00:00:00,1394.53,CZK,Electronics,Purchase,CZ
1002140,K000105,2026-02-28 00:00:00,1949.01,CZK,Groceries,Withdrawal,CZ
1002141,K000105,2026-05-18 00:00:00,1994.18,CZK,Entertainment,Withdrawal,PL
1002142,K000105,2026-02-02 00:00:00,3284.47,CZK,Entertainment,Purchase,CZ
1002143,K000106,2026-01-14 00:00:00,3990.78,EUR,Travel,Purchase,PL
1002144,K000106,2026-01-19 00:00:00,3261.4,CZK,Electronics,Purchase,CZ
1002145,K000106,2026-01-10 00:00:00,409.98,CZK,Entertainment,Purchase,AT
1002146,K000106,2026-06-26 00:00:00,3060.26,CZK,Other,Purchase,CZ
1002147,K000106,2026-06-27 00:00:00,2009.9,CZK,Healthcare,Purchase,CZ
1002148,K000106,2026-02-14 00:00:00,1146.79,CZK,Healthcare,Purchase,CZ
1002149,K000106,2026-04-16 00:00:00,2694.98,CZK,Healthcare,Purchase,CZ
1002150,K000106,2026-02-03 00:00:00,1771.48,CZK,Fuel,Purchase,CZ
1002151,K000106,2026-06-05 00:00:00,1466.07,CZK,Other,Purchase,CZ
1002152,K000106,2026-03-20 00:00:00,1718.71,CZK,Groceries,Purchase,CZ
1002153,K000106,2026-01-21 00:00:00,429.39,CZK,Fuel,Purchase,CZ
1002154,K000106,2026-05-12 00:00:00,2395.89,CZK,Healthcare,Purchase,CZ
1002155,K000106,2026-04-09 00:00:00,3869.2,CZK,Entertainment,Purchase,CZ
1002156,K000106,2026-06-25 00:00:00,-139.2,CZK,Healthcare,Refund,CZ
1002157,K000106,2026-04-13 00:00:00,1940.6,CZK,,Purchase,PL
1002158,K000106,2026-01-01 00:00:00,2691.62,CZK,Electronics,Purchase,CZ
1002159,K000106,2026-04-01 00:00:00,931.94,CZK,Electronics,Purchase,CZ
1002160,K000106,2026-04-13 00:00:00,7722.23,CZK,Entertainment,Withdrawal,CZ
1002161,K000106,2026-03-07 00:00:00,857.46,CZK,Healthcare,Purchase,CZ
1002162,K000106,2026-05-25 00:00:00,2084.65,CZK,Entertainment,Purchase,CZ
1002163,K000106,2026-01-26 00:00:00,229.46,CZK,Healthcare,Purchase,CZ
1002164,K000106,2026-03-19 00:00:00,242.82,CZK,Fuel,Purchase,CZ
1002165,K000106,2026-01-09 00:00:00,3787.96,CZK,Electronics,Withdrawal,CZ
1002166,K000106,2026-05-03 00:00:00,840.25,CZK,Other,Purchase,CZ
1002167,K000106,2026-02-11 00:00:00,1947.92,CZK,Fuel,Purchase,CZ
1002168,K000106,2026-01-15 00:00:00,-615.64,CZK,Entertainment,Refund,CZ
1002169,K000106,2026-01-09 00:00:00,6825.18,CZK,Electronics,Withdrawal,CZ
1002170,K000106,2026-05-07 00:00:00,2064.51,CZK,Healthcare,Purchase,CZ
1002171,K000106,2026-02-21 00:00:00,2701.44,CZK,Travel,Purchase,CZ
1002172,K000106,2026-02-10 00:00:00,-1972.54,CZK,Travel,Refund,CZ
1002173,K000106,2026-05-26 00:00:00,3961.96,CZK,Other,Purchase,CZ
1002174,K000106,2026-04-02 00:00:00,1989.24,CZK,Entertainment,Withdrawal,CZ
1002175,K000106,2026-01-15 00:00:00,562.08,CZK,Entertainment,Purchase,CZ
1002176,K000106,2026-04-30 00:00:00,-249.06,CZK,Groceries,Refund,CZ
1002177,K000106,2026-01-27 00:00:00,3455.13,CZK,,Purchase,CZ
1002178,K000106,2026-04-14 00:00:00,503.3,CZK,Other,Purchase,CZ
1002179,K000107,2026-03-12 00:00:00,2249.65,CZK,Entertainment,Purchase,CZ
1002180,K000107,2026-04-11 00:00:00,3257.47,CZK,Fuel,Purchase,CZ
1002181,K000107,2026-02-10 00:00:00,2169.93,CZK,Restaurants,Purchase,CZ
1002182,K000107,2026-04-29 00:00:00,214.13,CZK,Restaurants,Purchase,SK
1002183,K000107,2026-04-08 00:00:00,9240.82,CZK,Electronics,Withdrawal,CZ
1002184,K000107,2026-04-15 00:00:00,1844.09,CZK,Restaurants,Purchase,CZ
1002185,K000107,2026-05-29 00:00:00,3794.66,CZK,Fuel,Purchase,CZ
1002186,K000107,2026-05-05 00:00:00,885.1,CZK,Travel,Purchase,CZ
1002187,K000107,2026-01-24 00:00:00,487.91,CZK,Restaurants,Purchase,CZ
1002188,K000107,2026-03-29 00:00:00,1293.71,CZK,Groceries,Purchase,CZ
1002189,K000107,2026-04-26 00:00:00,2311.47,CZK,Healthcare,Purchase,CZ
1002190,K000107,2026-03-17 00:00:00,136.03,CZK,Entertainment,Purchase,CZ
1002191,K000107,2026-04-10 00:00:00,3070.05,CZK,Other,Purchase,CZ
1002192,K000107,2026-01-14 00:00:00,898.44,CZK,Travel,Purchase,CZ
1002193,K000107,2026-05-29 00:00:00,64.65,CZK,Restaurants,Purchase,CZ
1002194,K000107,2026-04-11 00:00:00,2538.79,CZK,Healthcare,Purchase,CZ
1002195,K000107,2026-02-12 00:00:00,973.28,CZK,Groceries,Purchase,CZ
1002196,K000107,2026-04-12 00:00:00,1271.53,CZK,Entertainment,Withdrawal,CZ
1002197,K000107,2026-01-25 00:00:00,1584.56,CZK,Other,Purchase,CZ
1002198,K000107,2026-05-14 00:00:00,2267.65,CZK,Travel,Purchase,CZ
1002199,K000107,2026-05-13 00:00:00,2841.34,CZK,,Withdrawal,CZ
1002200,K000107,2028-06-10 00:00:00,3801.25,CZK,Other,Purchase,CZ
1002201,K000107,2026-03-21 00:00:00,3961.41,EUR,Restaurants,Purchase,SK
1002202,K000108,2026-05-27 00:00:00,-592.16,CZK,Travel,Refund,CZ
1002203,K000108,2026-01-23 00:00:00,1818.57,CZK,Travel,Purchase,CZ
1002204,K000108,2026-04-15 00:00:00,2291.81,CZK,Groceries,Purchase,CZ
1002205,K000108,2026-03-01 00:00:00,3750.36,CZK,Fuel,Purchase,CZ
1002206,K000108,2026-04-14 00:00:00,491.09,CZK,Other,Purchase,CZ
1002207,K000108,2026-04-27 00:00:00,7751.81,CZK,Other,Withdrawal,CZ
1002208,K000108,2026-02-08 00:00:00,8315.49,CZK,Entertainment,Withdrawal,DE
1002209,K000108,2026-05-03 00:00:00,2671.94,CZK,Electronics,Purchase,CZ
1002210,K000108,2026-02-21 00:00:00,2455.38,CZK,Groceries,Purchase,CZ
1002211,K000108,2026-05-24 00:00:00,8335.19,CZK,Restaurants,Withdrawal,CZ
1002212,K000108,2026-03-28 00:00:00,5794.28,CZK,Travel,Withdrawal,CZ
1002213,K000109,2026-02-23 00:00:00,111.52,CZK,Entertainment,Purchase,CZ
1002214,K000109,2026-01-02 00:00:00,2662.58,CZK,Restaurants,Purchase,CZ
1002215,K000109,2026-04-12 00:00:00,646.12,CZK,Groceries,Purchase,CZ
1002216,K000109,2026-06-09 00:00:00,239.25,CZK,Restaurants,Purchase,CZ
1002217,K000109,2026-01-15 00:00:00,1690.35,CZK,Travel,Purchase,CZ
1002218,K000109,2026-06-09 00:00:00,396.49,CZK,Fuel,Purchase,CZ
1002219,K000109,2026-02-19 00:00:00,1533.1,CZK,Healthcare,Purchase,CZ
1002220,K000109,2026-02-20 00:00:00,1086.48,EUR,Other,Purchase,DE
1002221,K000109,2026-04-03 00:00:00,597.09,CZK,Fuel,Purchase,CZ
1002222,K000109,2026-01-06 00:00:00,2922.58,CZK,Other,Purchase,CZ
1002223,K000109,2026-06-13 00:00:00,8370.46,CZK,Restaurants,Withdrawal,CZ
1002224,K000109,2026-04-22 00:00:00,1301.61,CZK,Healthcare,Purchase,CZ
1002225,K000109,2026-04-22 00:00:00,940.05,CZK,Electronics,Purchase,CZ
1002226,K000109,2026-03-29 00:00:00,3547.77,EUR,Other,Purchase,DE
1002227,K000109,2026-06-04 00:00:00,3390.57,CZK,Fuel,Purchase,AT
1002228,K000109,2026-06-07 00:00:00,2750.99,CZK,Healthcare,Purchase,CZ
1002229,K000109,2026-05-19 00:00:00,8896.04,CZK,Electronics,Withdrawal,CZ
1002230,K000109,2026-04-20 00:00:00,732.96,CZK,Entertainment,Withdrawal,CZ
1002231,K000109,2026-03-31 00:00:00,1029.97,CZK,Fuel,Withdrawal,CZ
1002232,K000109,2026-05-16 00:00:00,3693.06,CZK,Groceries,Purchase,CZ
1002233,K000109,2026-03-10 00:00:00,509.11,CZK,Healthcare,Purchase,CZ
1002234,K000109,2026-01-06 00:00:00,1222.98,CZK,,Purchase,CZ
1002235,K000109,2026-03-30 00:00:00,1984.34,CZK,Electronics,Purchase,CZ
1002236,K000109,2026-04-02 00:00:00,1417.71,CZK,Fuel,Purchase,CZ
1002237,K000109,2026-04-26 00:00:00,1943.96,CZK,Other,Purchase,CZ
1002238,K000109,2026-05-16 00:00:00,3833.47,CZK,Restaurants,Purchase,CZ
1002239,K000109,2026-05-23 00:00:00,871.58,CZK,Entertainment,Purchase,CZ
1002240,K000109,2026-03-05 00:00:00,627.3,CZK,Fuel,Purchase,CZ
1002241,K000109,2026-02-27 00:00:00,1913.23,CZK,Restaurants,Purchase,CZ
1002242,K000109,2026-04-23 00:00:00,-1536.87,CZK,Fuel,Refund,CZ
1002243,K000110,2026-01-02 00:00:00,5728.93,CZK,Restaurants,Withdrawal,CZ
1002244,K000110,2026-02-11 00:00:00,3557.69,CZK,Fuel,Purchase,CZ
1002245,K000110,2026-03-25 00:00:00,126.96,CZK,Groceries,Purchase,CZ
1002246,K000110,2026-06-08 00:00:00,7245.05,CZK,Electronics,Withdrawal,CZ
1002247,K000110,2026-01-04 00:00:00,-312.55,CZK,Electronics,Refund,CZ
1002248,K000110,2026-02-18 00:00:00,6577.58,CZK,Electronics,Withdrawal,CZ
1002249,K000110,2026-04-22 00:00:00,-108.76,CZK,Healthcare,Refund,CZ
1002250,K000110,2026-04-19 00:00:00,4976.83,CZK,,Withdrawal,CZ
1002251,K000110,2026-01-01 00:00:00,-175.34,CZK,Healthcare,Refund,CZ
1002252,K000110,2026-04-29 00:00:00,1196.09,CZK,Restaurants,Purchase,CZ
1002253,K000110,2026-06-17 00:00:00,2341.42,CZK,Groceries,Purchase,CZ
1002254,K000110,2026-03-17 00:00:00,3281.56,CZK,Healthcare,Purchase,CZ
1002255,K000110,2026-04-17 00:00:00,1660.61,CZK,Entertainment,Withdrawal,CZ
1002256,K000111,2026-02-11 00:00:00,-1874.12,EUR,Electronics,Refund,PL
1002257,K000111,2026-03-02 00:00:00,9569.15,CZK,Healthcare,Withdrawal,CZ
1002258,K000111,2026-03-29 00:00:00,470.7,CZK,Fuel,Purchase,CZ
1002259,K000111,2026-03-23 00:00:00,4898.57,CZK,Fuel,Withdrawal,CZ
1002260,K000111,2026-02-26 00:00:00,2370.87,CZK,,Purchase,AT
1002261,K000111,2026-06-01 00:00:00,316.26,CZK,Fuel,Purchase,CZ
1002262,K000111,2026-02-26 00:00:00,2783.94,CZK,Fuel,Purchase,CZ
1002263,K000111,2026-04-01 00:00:00,2008.91,CZK,Restaurants,Purchase,CZ
1002264,K000111,2026-04-25 00:00:00,2849.13,CZK,Fuel,Purchase,CZ
1002265,K000111,2026-03-06 00:00:00,396.66,CZK,Entertainment,Purchase,PL
1002266,K000111,2026-01-28 00:00:00,-403.99,CZK,Healthcare,Refund,CZ
1002267,K000111,2026-05-12 00:00:00,3005.92,CZK,Electronics,Purchase,CZ
1002268,K000111,2026-05-07 00:00:00,511.49,CZK,Other,Purchase,CZ
1002269,K000111,2026-06-02 00:00:00,3719.63,CZK,Electronics,Purchase,CZ
1002270,K000111,2026-06-23 00:00:00,6927.95,CZK,Entertainment,Withdrawal,CZ
1002271,K000111,2026-05-24 00:00:00,464.41,EUR,Electronics,Purchase,PL
1002272,K000111,2026-03-04 00:00:00,-581.25,CZK,Travel,Withdrawal,CZ
1002273,K000111,2026-06-06 00:00:00,3470.01,CZK,Travel,Withdrawal,CZ
1002274,K000111,2026-03-21 00:00:00,-931.2,CZK,Healthcare,Refund,CZ
1002275,K000111,2026-06-13 00:00:00,3085.94,CZK,Restaurants,Purchase,CZ
1002276,K000112,2026-03-08 00:00:00,2085.8,CZK,Groceries,Purchase,CZ
1002277,K000112,2026-06-05 00:00:00,3427.53,CZK,Other,Purchase,CZ
1002278,K000112,2026-06-20 00:00:00,1272.25,CZK,Groceries,Purchase,CZ
1002279,K000112,2026-06-27 00:00:00,2696.2,CZK,Other,Purchase,SK
1002280,K000112,2026-03-22 00:00:00,1993.12,CZK,Fuel,Purchase,CZ
1002281,K000112,2026-02-20 00:00:00,3621.55,CZK,Entertainment,Purchase,CZ
1002282,K000113,2026-03-27 00:00:00,3071.67,CZK,Healthcare,Purchase,CZ
1002283,K000113,2026-02-10 00:00:00,2858.19,CZK,Other,Purchase,CZ
1002284,K000113,2026-06-02 00:00:00,-529.05,CZK,Healthcare,Refund,CZ
1002285,K000113,2026-03-26 00:00:00,3482.65,CZK,Groceries,Withdrawal,DE
1002286,K000113,2026-01-11 00:00:00,818.52,CZK,Entertainment,Purchase,CZ
1002287,K000113,2026-05-01 00:00:00,2226.5,EUR,Restaurants,Purchase,DE
1002288,K000113,2026-06-23 00:00:00,1778.52,CZK,Fuel,Purchase,CZ
1002289,K000113,2026-05-19 00:00:00,750.94,CZK,Entertainment,Withdrawal,CZ
1002290,K000113,2026-01-02 00:00:00,3761.33,CZK,Healthcare,Purchase,CZ
1002291,K000113,2028-05-07 00:00:00,2178.79,CZK,Electronics,Purchase,CZ
1002292,K000113,2026-02-05 00:00:00,-1174.29,CZK,Healthcare,Refund,CZ
1002293,K000113,2026-05-14 00:00:00,4302.92,CZK,Fuel,Withdrawal,PL
1002294,K000113,2026-02-17 00:00:00,1529.37,CZK,,Purchase,CZ
1002295,K000113,2026-06-05 00:00:00,-951.34,CZK,Entertainment,Refund,CZ
1002296,K000113,2026-02-14 00:00:00,874.7,CZK,Healthcare,Purchase,CZ
1002297,K000113,2026-02-11 00:00:00,5736.71,CZK,Electronics,Withdrawal,CZ
1002298,K000113,2026-06-12 00:00:00,3683.47,CZK,Restaurants,Purchase,CZ
1002299,K000113,2026-03-28 00:00:00,734.68,CZK,Fuel,Purchase,CZ
1002300,K000113,2026-05-11 00:00:00,1154.93,CZK,Travel,Purchase,CZ
1002301,K000113,2026-03-24 00:00:00,1807.37,CZK,Fuel,Purchase,CZ
1002302,K000113,2026-02-19 00:00:00,3330.85,CZK,,Purchase,CZ
1002303,K000113,2026-02-12 00:00:00,3611.07,CZK,Entertainment,Purchase,CZ
1002304,K000113,2026-03-24 00:00:00,1662.99,CZK,Groceries,Purchase,CZ
1002305,K000113,2026-03-09 00:00:00,3671.42,CZK,Other,Purchase,CZ
1002306,K000113,2026-05-21 00:00:00,2212.45,CZK,,Purchase,CZ
1002307,K000113,2026-06-05 00:00:00,1859.69,CZK,Restaurants,Purchase,CZ
1002308,K000113,2026-06-07 00:00:00,3689.05,CZK,Groceries,Purchase,CZ
1002309,K000113,2026-02-04 00:00:00,1634.16,CZK,Healthcare,Purchase,CZ
1002310,K000113,2028-04-18 00:00:00,1208.05,CZK,Entertainment,Withdrawal,CZ
1002311,K000113,2026-04-12 00:00:00,1205.57,CZK,Healthcare,Withdrawal,CZ
1002312,K000113,2026-05-01 00:00:00,620.16,CZK,Restaurants,Purchase,CZ
1002313,K000113,2026-03-09 00:00:00,3932.78,CZK,Healthcare,Purchase,CZ
1002314,K000113,2026-01-22 00:00:00,-1134.92,CZK,,Refund,CZ
1002315,K000113,2028-05-08 00:00:00,7008.97,CZK,Entertainment,Withdrawal,CZ
1002316,K000113,2026-05-03 00:00:00,1020.73,CZK,Electronics,Withdrawal,CZ
1002317,K000113,2026-05-21 00:00:00,1548.26,CZK,Travel,Purchase,CZ
1002318,K000113,2026-06-21 00:00:00,188.2,CZK,Groceries,Purchase,CZ
1002319,K000113,2026-01-14 00:00:00,766.73,CZK,Fuel,Withdrawal,CZ
1002320,K000113,2026-03-15 00:00:00,3724.65,CZK,Fuel,Purchase,CZ
1002321,K000113,2026-01-04 00:00:00,3962.51,CZK,Travel,Withdrawal,CZ
1002322,K000114,2026-06-13 00:00:00,2400.26,CZK,Travel,Purchase,CZ
1002323,K000114,2026-02-12 00:00:00,2737.8,CZK,Fuel,Purchase,CZ
1002324,K000114,2026-01-22 00:00:00,2889.25,CZK,Entertainment,Purchase,CZ
1002325,K000114,2026-02-18 00:00:00,6319.79,CZK,Healthcare,Withdrawal,CZ
1002326,K000114,2026-04-12 00:00:00,1816.79,CZK,Healthcare,Purchase,CZ
1002327,K000114,2026-01-02 00:00:00,399.19,CZK,Groceries,Purchase,CZ
1002328,K000114,2026-05-14 00:00:00,2061.1,CZK,Groceries,Purchase,CZ
1002329,K000114,2026-02-24 00:00:00,2951.16,CZK,Travel,Purchase,CZ
1002330,K000114,2026-05-25 00:00:00,771.5,CZK,Fuel,Purchase,SK
1002331,K000114,2026-01-30 00:00:00,2819.48,EUR,Restaurants,Purchase,AT
1002332,K000114,2026-06-23 00:00:00,2689.83,CZK,Fuel,Purchase,CZ
1002333,K000114,2026-04-02 00:00:00,878.1,CZK,Electronics,Purchase,CZ
1002334,K000114,2029-02-23 00:00:00,666.98,CZK,Fuel,Purchase,CZ
1002335,K000114,2029-03-01 00:00:00,2209.26,CZK,Other,Purchase,SK
1002336,K000114,2026-01-17 00:00:00,2454.96,CZK,Healthcare,Purchase,CZ
1002337,K000114,2026-02-14 00:00:00,459.59,CZK,Other,Purchase,DE
1002338,K000114,2026-03-09 00:00:00,1377.0,CZK,Fuel,Purchase,CZ
1002339,K000114,2026-02-16 00:00:00,-884.32,CZK,Other,Refund,CZ
1002340,K000114,2026-05-19 00:00:00,1208.12,CZK,Other,Purchase,CZ
1002341,K000114,2026-01-18 00:00:00,2460.99,CZK,Electronics,Purchase,CZ
1002342,K000114,2026-01-01 00:00:00,2796.75,CZK,Electronics,Purchase,CZ
1002343,K000114,2026-03-05 00:00:00,3369.17,CZK,Travel,Purchase,CZ
1002344,K000114,2026-03-04 00:00:00,1658.14,CZK,Entertainment,Purchase,CZ
1002345,K000114,2026-04-13 00:00:00,2779.93,CZK,Other,Withdrawal,CZ
1002346,K000114,2026-04-18 00:00:00,3472.24,CZK,Groceries,Purchase,CZ
1002347,K000114,2026-02-03 00:00:00,1029.9,CZK,Fuel,Purchase,CZ
1002348,K000115,2026-01-18 00:00:00,1172.86,CZK,Healthcare,Purchase,CZ
1002349,K000115,2026-01-17 00:00:00,2197.25,CZK,Fuel,Purchase,CZ
1002350,K000115,2026-05-05 00:00:00,1610.62,CZK,Travel,Purchase,CZ
1002351,K000115,2026-05-11 00:00:00,1446.88,CZK,Restaurants,Purchase,CZ
1002352,K000115,2026-01-08 00:00:00,2112.9,EUR,Fuel,Purchase,PL
1002353,K000115,2026-05-30 00:00:00,3811.53,CZK,Travel,Purchase,CZ
1002354,K000115,2026-05-09 00:00:00,9906.41,CZK,Fuel,Withdrawal,CZ
1002355,K000115,2026-01-21 00:00:00,2486.73,CZK,Restaurants,Purchase,CZ
1002356,K000115,2026-02-12 00:00:00,-455.57,EUR,Healthcare,Refund,DE
1002357,K000115,2026-05-04 00:00:00,2189.24,CZK,Other,Purchase,CZ
1002358,K000115,2026-04-29 00:00:00,1920.66,CZK,Other,Withdrawal,CZ
1002359,K000115,2026-03-10 00:00:00,-64.14,CZK,Electronics,Refund,CZ
1002360,K000115,2026-06-12 00:00:00,9796.98,CZK,Electronics,Withdrawal,CZ
1002361,K000115,2026-04-19 00:00:00,3442.17,CZK,Groceries,Purchase,CZ
1002362,K000115,2026-03-26 00:00:00,2356.84,CZK,Other,Purchase,CZ
1002363,K000115,2026-06-12 00:00:00,3701.65,CZK,Travel,Purchase,CZ
1002364,K000115,2026-03-07 00:00:00,-695.58,EUR,Electronics,Refund,PL
1002365,K000115,2026-06-16 00:00:00,1932.87,CZK,Restaurants,Purchase,CZ
1002366,K000115,2026-05-30 00:00:00,4297.44,CZK,Healthcare,Withdrawal,CZ
1002367,K000115,2026-03-29 00:00:00,3863.13,CZK,Travel,Purchase,CZ
1002368,K000115,2026-04-21 00:00:00,2861.12,CZK,Fuel,Purchase,CZ
1002369,K000115,2026-06-04 00:00:00,2773.41,CZK,Healthcare,Purchase,CZ
1002370,K000115,2026-03-03 00:00:00,3369.21,CZK,Fuel,Purchase,CZ
1002371,K000115,2026-01-09 00:00:00,2398.83,CZK,Groceries,Purchase,CZ
1002372,K000115,2026-03-04 00:00:00,1003.23,CZK,Healthcare,Purchase,CZ
1002373,K000115,2026-02-27 00:00:00,260.7,CZK,Restaurants,Purchase,CZ
1002374,K000115,2026-06-22 00:00:00,912.92,CZK,Electronics,Purchase,CZ
1002375,K000115,2026-04-28 00:00:00,1989.46,EUR,Entertainment,Purchase,AT
1002376,K000115,2026-06-18 00:00:00,2346.4,CZK,Other,Purchase,CZ
1002377,K000115,2026-03-29 00:00:00,-99.57,CZK,Electronics,Refund,CZ
1002378,K000115,2026-04-10 00:00:00,1800.29,CZK,Travel,Purchase,CZ
1002379,K000115,2026-05-24 00:00:00,-1394.87,CZK,Entertainment,Refund,CZ
1002380,K000115,2026-01-16 00:00:00,6629.76,CZK,Restaurants,Withdrawal,CZ
1002381,K000115,2026-03-22 00:00:00,2853.57,CZK,Entertainment,Purchase,CZ
1002382,K000115,2026-03-17 00:00:00,883.42,CZK,Healthcare,Withdrawal,CZ
1002383,K000115,2026-03-09 00:00:00,3109.71,CZK,Electronics,Purchase,CZ
1002384,K000116,2026-06-24 00:00:00,-1582.26,CZK,Travel,Refund,CZ
1002385,K000116,2026-02-14 00:00:00,2718.74,CZK,Groceries,Withdrawal,CZ
1002386,K000116,2026-01-24 00:00:00,2229.13,CZK,Fuel,Purchase,CZ
1002387,K000116,2026-05-27 00:00:00,156.29,CZK,Travel,Purchase,CZ
1002388,K000116,2026-06-17 00:00:00,1656.21,CZK,Restaurants,Purchase,SK
1002389,K000116,2026-03-19 00:00:00,1499.21,CZK,Healthcare,Purchase,CZ
1002390,K000116,2026-04-29 00:00:00,1999.6,CZK,Restaurants,Purchase,CZ
1002391,K000116,2026-02-12 00:00:00,855.07,CZK,Restaurants,Purchase,CZ
1002392,K000116,2026-03-20 00:00:00,3805.61,CZK,Restaurants,Purchase,CZ
1002393,K000116,2026-06-23 00:00:00,793.61,CZK,Groceries,Purchase,CZ
1002394,K000116,2026-01-18 00:00:00,2268.27,EUR,Other,Purchase,DE
1002395,K000116,2026-06-10 00:00:00,-1948.91,CZK,Restaurants,Refund,SK
1002396,K000116,2026-06-17 00:00:00,-229.87,CZK,Other,Refund,CZ
1002397,K000116,2026-03-24 00:00:00,7926.35,CZK,Electronics,Withdrawal,CZ
1002398,K000116,2026-03-09 00:00:00,1997.72,CZK,Healthcare,Purchase,CZ
1002399,K000116,2026-05-07 00:00:00,3902.01,CZK,Electronics,Withdrawal,CZ
1002400,K000116,2026-04-07 00:00:00,823.59,CZK,Restaurants,Purchase,CZ
1002401,K000116,2026-06-21 00:00:00,7672.91,CZK,Electronics,Withdrawal,CZ
1002402,K000116,2026-05-27 00:00:00,1074.06,CZK,Groceries,Withdrawal,CZ
1002403,K000116,2026-06-05 00:00:00,3357.33,CZK,Electronics,Purchase,CZ
1002404,K000116,2026-02-05 00:00:00,165.65,CZK,Groceries,Purchase,CZ
1002405,K000116,2026-05-29 00:00:00,2641.06,CZK,Fuel,Purchase,CZ
1002406,K000116,2026-02-25 00:00:00,3563.73,CZK,Electronics,Purchase,CZ
1002407,K000116,2026-06-16 00:00:00,2942.22,CZK,Fuel,Purchase,CZ
1002408,K000116,2026-03-25 00:00:00,1526.64,CZK,Entertainment,Purchase,CZ
1002409,K000116,2026-01-29 00:00:00,2325.63,CZK,,Purchase,CZ
1002410,K000116,2026-03-21 00:00:00,2734.47,CZK,Electronics,Withdrawal,CZ
1002411,K000116,2026-05-06 00:00:00,2557.88,CZK,Groceries,Purchase,CZ
1002412,K000117,2026-04-16 00:00:00,1682.52,CZK,Healthcare,Purchase,CZ
1002413,K000117,2026-03-10 00:00:00,398.93,CZK,Other,Purchase,CZ
1002414,K000117,2026-02-13 00:00:00,531.22,CZK,Restaurants,Purchase,CZ
1002415,K000117,2026-03-10 00:00:00,754.14,CZK,Electronics,Purchase,CZ
1002416,K000117,2026-01-18 00:00:00,452.81,CZK,Electronics,Purchase,CZ
1002417,K000117,2026-01-20 00:00:00,3006.64,CZK,Entertainment,Purchase,CZ
1002418,K000117,2026-03-11 00:00:00,-392.13,CZK,Healthcare,Refund,CZ
1002419,K000117,2026-03-07 00:00:00,1104.32,CZK,Travel,Purchase,CZ
1002420,K000117,2026-03-22 00:00:00,3864.64,CZK,Groceries,Withdrawal,CZ
1002421,K000117,2026-01-02 00:00:00,-1304.88,EUR,Fuel,Refund,PL
1002422,K000117,2026-03-10 00:00:00,2920.77,CZK,Electronics,Purchase,CZ
1002423,K000117,2026-05-16 00:00:00,3505.28,CZK,Other,Purchase,CZ
1002424,K000117,2026-05-30 00:00:00,6243.31,CZK,Entertainment,Withdrawal,CZ
1002425,K000117,2026-01-30 00:00:00,8011.85,CZK,Groceries,Withdrawal,CZ
1002426,K000117,2026-05-16 00:00:00,3492.84,CZK,Groceries,Purchase,CZ
1002427,K000117,2026-04-18 00:00:00,-694.9,CZK,Restaurants,Refund,CZ
1002428,K000117,2026-02-16 00:00:00,2471.57,CZK,Travel,Purchase,CZ
1002429,K000117,2026-01-22 00:00:00,1447.23,CZK,Fuel,Purchase,CZ
1002430,K000117,2026-01-04 00:00:00,-1783.54,CZK,Restaurants,Refund,CZ
1002431,K000117,2026-04-25 00:00:00,2665.94,CZK,Fuel,Purchase,CZ
1002432,K000118,2026-04-15 00:00:00,4514.34,CZK,Other,Withdrawal,CZ
1002433,K000118,2026-06-25 00:00:00,1887.24,CZK,Travel,Purchase,CZ
1002434,K000118,2026-03-28 00:00:00,2966.82,CZK,Travel,Purchase,CZ
1002435,K000118,2026-01-24 00:00:00,6552.45,CZK,Entertainment,Withdrawal,CZ
1002436,K000118,2026-05-19 00:00:00,2714.29,CZK,Healthcare,Purchase,CZ
1002437,K000118,2026-05-27 00:00:00,3677.3,CZK,Travel,Purchase,CZ
1002438,K000118,2026-05-01 00:00:00,2263.45,CZK,Restaurants,Purchase,CZ
1002439,K000118,2026-04-30 00:00:00,2398.34,CZK,Groceries,Purchase,CZ
1002440,K000118,2026-05-28 00:00:00,350.46,CZK,Healthcare,Purchase,CZ
1002441,K000118,2026-01-21 00:00:00,2790.62,CZK,Travel,Withdrawal,CZ
1002442,K000118,2026-03-19 00:00:00,7811.37,CZK,Entertainment,Withdrawal,DE
1002443,K000118,2026-05-08 00:00:00,3363.19,CZK,Groceries,Purchase,CZ
1002444,K000119,2026-01-31 00:00:00,1370.62,CZK,Groceries,Purchase,CZ
1002445,K000119,2026-02-11 00:00:00,2362.95,CZK,Healthcare,Purchase,CZ
1002446,K000119,2026-02-07 00:00:00,-1695.0,CZK,Entertainment,Refund,CZ
1002447,K000119,2026-04-15 00:00:00,5531.26,CZK,Groceries,Withdrawal,CZ
1002448,K000119,2028-04-23 00:00:00,8506.42,CZK,Electronics,Withdrawal,CZ
1002449,K000119,2026-01-16 00:00:00,4460.69,CZK,Electronics,Withdrawal,CZ
1002450,K000119,2026-05-08 00:00:00,5391.07,CZK,Fuel,Withdrawal,CZ
1002451,K000119,2026-06-27 00:00:00,1789.02,CZK,Healthcare,Purchase,CZ
1002452,K000119,2026-05-02 00:00:00,1394.24,CZK,Other,Purchase,CZ
1002453,K000119,2026-06-23 00:00:00,682.63,CZK,Travel,Purchase,CZ
1002454,K000119,2028-04-26 00:00:00,1263.96,CZK,Groceries,Purchase,CZ
1002455,K000119,2026-02-15 00:00:00,-163.78,CZK,Travel,Refund,CZ
1002456,K000119,2026-04-06 00:00:00,3646.56,CZK,Other,Purchase,CZ
1002457,K000119,2026-03-08 00:00:00,391.84,CZK,Fuel,Purchase,CZ
1002458,K000119,2026-04-13 00:00:00,2846.96,CZK,Groceries,Purchase,CZ
1002459,K000119,2026-04-02 00:00:00,-845.98,CZK,Other,Refund,CZ
1002460,K000119,2026-02-25 00:00:00,1452.06,CZK,Electronics,Purchase,CZ
1002461,K000119,2026-02-26 00:00:00,3016.12,CZK,Electronics,Purchase,CZ
1002462,K000119,2026-01-14 00:00:00,613.17,CZK,Groceries,Purchase,CZ
1002463,K000119,2026-04-25 00:00:00,3553.21,CZK,Electronics,Purchase,CZ
1002464,K000119,2026-04-04 00:00:00,-299.37,CZK,Groceries,Refund,CZ
1002465,K000119,2026-02-26 00:00:00,2857.91,CZK,Restaurants,Purchase,CZ
1002466,K000119,2026-04-18 00:00:00,3579.9,CZK,Entertainment,Purchase,CZ
1002467,K000119,2026-04-02 00:00:00,1868.75,CZK,Electronics,Withdrawal,CZ
1002468,K000119,2026-06-21 00:00:00,864.72,CZK,Electronics,Purchase,CZ
1002469,K000119,2026-06-04 00:00:00,856.5,CZK,Electronics,Purchase,CZ
1002470,K000119,2026-05-27 00:00:00,3645.2,CZK,Electronics,Purchase,CZ
1002471,K000119,2026-01-21 00:00:00,2395.76,CZK,Healthcare,Purchase,AT
1002472,K000119,2026-06-24 00:00:00,1771.85,CZK,Healthcare,Purchase,CZ
1002473,K000119,2026-01-10 00:00:00,1225.77,CZK,Travel,Purchase,CZ
1002474,K000119,2026-05-28 00:00:00,2355.12,CZK,Groceries,Purchase,CZ
1002475,K000119,2026-03-27 00:00:00,4120.77,CZK,Healthcare,Withdrawal,CZ
1002476,K000119,2026-06-23 00:00:00,3943.86,CZK,Entertainment,Purchase,AT
1002477,K000119,2026-02-21 00:00:00,2989.19,CZK,Entertainment,Purchase,CZ
1002478,K000119,2026-05-01 00:00:00,261.62,CZK,Fuel,Purchase,CZ
1002479,K000119,2026-04-30 00:00:00,2747.44,CZK,Healthcare,Purchase,CZ
1002480,K000119,2026-04-29 00:00:00,2115.11,CZK,Other,Withdrawal,CZ
1002481,K000119,2026-02-24 00:00:00,1596.18,CZK,Groceries,Purchase,CZ
1002482,K000119,2026-03-19 00:00:00,3882.24,CZK,Fuel,Purchase,CZ
1002483,K000119,2026-03-19 00:00:00,2305.53,CZK,Entertainment,Purchase,CZ
1002484,K000120,2026-01-24 00:00:00,7975.47,CZK,,Withdrawal,CZ
1002485,K000120,2026-01-25 00:00:00,-1429.15,CZK,Restaurants,Refund,CZ
1002486,K000120,2026-03-31 00:00:00,4475.44,CZK,Travel,Withdrawal,DE
1002487,K000120,2026-05-19 00:00:00,7569.9,CZK,Entertainment,Withdrawal,CZ
1002488,K000120,2026-05-27 00:00:00,1411.84,CZK,Other,Purchase,CZ
1002489,K000120,2026-03-19 00:00:00,3693.33,CZK,Other,Purchase,CZ
1002490,K000120,2026-03-09 00:00:00,5327.06,CZK,Healthcare,Withdrawal,CZ
1002491,K000120,2026-03-24 00:00:00,3449.27,CZK,Healthcare,Purchase,CZ
1002492,K000120,2026-06-05 00:00:00,-631.43,CZK,Healthcare,Refund,CZ
1002493,K000120,2026-02-15 00:00:00,1454.89,CZK,Other,Purchase,CZ
1002494,K000120,2026-05-14 00:00:00,1275.85,CZK,Groceries,Purchase,SK
1002495,K000120,2026-05-03 00:00:00,1749.73,CZK,Restaurants,Purchase,CZ
1002496,K000120,2026-02-17 00:00:00,3940.8,CZK,Healthcare,Purchase,CZ
1002497,K000120,2026-03-31 00:00:00,7254.09,CZK,Groceries,Withdrawal,CZ
1002498,K000120,2026-03-19 00:00:00,898.69,CZK,Healthcare,Purchase,CZ
1002499,K000120,2028-08-27 00:00:00,1289.49,CZK,Groceries,Purchase,CZ
1002500,K000120,2026-03-28 00:00:00,468.42,CZK,Fuel,Purchase,CZ
1002501,K000120,2026-04-01 00:00:00,3649.32,CZK,Restaurants,Purchase,CZ
1002502,K000120,2026-06-05 00:00:00,3657.72,CZK,Groceries,Purchase,CZ
1002503,K000120,2026-03-28 00:00:00,2971.8,CZK,Healthcare,Purchase,CZ
1002504,K000120,2026-01-21 00:00:00,-353.37,CZK,,Purchase,CZ
1002505,K000120,2026-02-07 00:00:00,7636.53,CZK,Entertainment,Withdrawal,CZ
1002506,K000121,2026-06-03 00:00:00,-479.01,CZK,Electronics,Refund,CZ
1002507,K000121,2026-04-01 00:00:00,3492.56,CZK,Groceries,Purchase,CZ
1002508,K000121,2026-02-24 00:00:00,3719.22,CZK,Entertainment,Purchase,CZ
1002509,K000121,2026-04-25 00:00:00,469.56,CZK,Fuel,Purchase,DE
1002510,K000121,2026-06-16 00:00:00,-1204.22,CZK,Healthcare,Refund,CZ
1002511,K000121,2026-06-22 00:00:00,1754.91,CZK,Restaurants,Purchase,CZ
1002512,K000121,2026-06-20 00:00:00,7909.18,CZK,Electronics,Withdrawal,CZ
1002513,K000121,2026-02-16 00:00:00,5325.7,CZK,Fuel,Withdrawal,CZ
1002514,K000121,2026-02-08 00:00:00,2667.86,CZK,Restaurants,Purchase,CZ
1002515,K000121,2026-05-30 00:00:00,1648.02,CZK,Entertainment,Purchase,CZ
1002516,K000121,2026-02-11 00:00:00,8504.21,CZK,,Withdrawal,CZ
1002517,K000122,2026-01-27 00:00:00,3001.25,CZK,Restaurants,Purchase,CZ
1002518,K000122,2026-05-08 00:00:00,5742.2,CZK,Entertainment,Withdrawal,CZ
1002519,K000122,2026-05-25 00:00:00,2382.96,CZK,Groceries,Purchase,CZ
1002520,K000122,2026-02-03 00:00:00,2396.78,CZK,Entertainment,Purchase,CZ
1002521,K000122,2026-01-11 00:00:00,1133.01,CZK,Groceries,Purchase,CZ
1002522,K000122,2026-04-02 00:00:00,-913.97,CZK,Electronics,Refund,CZ
1002523,K000122,2026-06-10 00:00:00,1592.61,CZK,Entertainment,Purchase,CZ
1002524,K000122,2026-01-25 00:00:00,-1015.97,CZK,Restaurants,Refund,CZ
1002525,K000122,2026-03-17 00:00:00,3631.21,CZK,Healthcare,Purchase,CZ
1002526,K000122,2026-04-25 00:00:00,4175.99,CZK,Healthcare,Withdrawal,CZ
1002527,K000122,2026-02-18 00:00:00,3241.26,CZK,Healthcare,Purchase,CZ
1002528,K000122,2026-01-12 00:00:00,3364.79,CZK,Travel,Purchase,CZ
1002529,K000122,2026-01-17 00:00:00,571.94,CZK,Entertainment,Purchase,CZ
1002530,K000122,2026-02-15 00:00:00,2983.95,CZK,,Purchase,CZ
1002531,K000122,2026-05-14 00:00:00,296.95,CZK,Groceries,Purchase,CZ
1002532,K000122,2026-02-08 00:00:00,-1799.33,CZK,Electronics,Refund,CZ
1002533,K000122,2026-05-12 00:00:00,1351.08,CZK,Travel,Purchase,CZ
1002534,K000122,2026-03-04 00:00:00,1674.01,CZK,Travel,Withdrawal,DE
1002535,K000122,2026-03-12 00:00:00,172.33,CZK,Other,Purchase,CZ
1002536,K000122,2026-03-09 00:00:00,3510.01,CZK,Fuel,Purchase,CZ
1002537,K000122,2026-03-19 00:00:00,503.29,CZK,Restaurants,Purchase,CZ
1002538,K000122,2026-06-09 00:00:00,-1058.24,CZK,Groceries,Refund,CZ
1002539,K000123,2026-02-08 00:00:00,3973.85,CZK,Healthcare,Purchase,CZ
1002540,K000123,2026-06-23 00:00:00,3890.99,CZK,Fuel,Purchase,CZ
1002541,K000123,2026-03-18 00:00:00,821.92,CZK,Fuel,Purchase,CZ
1002542,K000123,2026-03-17 00:00:00,1341.4,CZK,Fuel,Purchase,CZ
1002543,K000123,2026-03-26 00:00:00,1493.82,CZK,Other,Purchase,CZ
1002544,K000123,2026-03-09 00:00:00,3664.57,CZK,Other,Purchase,CZ
1002545,K000123,2026-05-09 00:00:00,269.68,CZK,Electronics,Purchase,CZ
1002546,K000123,2026-04-10 00:00:00,1517.1,CZK,Fuel,Purchase,CZ
1002547,K000123,2026-06-17 00:00:00,3598.99,CZK,Travel,Purchase,CZ
1002548,K000123,2026-06-12 00:00:00,1145.58,EUR,Healthcare,Purchase,AT
1002549,K000123,2026-03-21 00:00:00,2400.88,CZK,Restaurants,Purchase,CZ
1002550,K000123,2026-04-03 00:00:00,1142.68,CZK,Healthcare,Purchase,CZ
1002551,K000123,2026-04-30 00:00:00,7589.96,CZK,Travel,Withdrawal,CZ
1002552,K000123,2026-06-03 00:00:00,7159.65,CZK,Restaurants,Withdrawal,CZ
1002553,K000123,2026-05-15 00:00:00,-1047.88,CZK,Fuel,Refund,CZ
1002554,K000123,2026-05-27 00:00:00,908.53,CZK,Fuel,Purchase,CZ
1002555,K000123,2026-03-15 00:00:00,-460.78,CZK,Electronics,Refund,CZ
1002556,K000123,2026-03-24 00:00:00,-906.0,EUR,Restaurants,Refund,DE
1002557,K000123,2026-05-23 00:00:00,3441.09,CZK,Electronics,Purchase,CZ
1002558,K000123,2026-04-16 00:00:00,3869.57,CZK,Fuel,Purchase,CZ
1002559,K000123,2026-05-21 00:00:00,-1585.52,CZK,Electronics,Refund,CZ
1002560,K000123,2026-05-09 00:00:00,1949.01,CZK,Fuel,Purchase,CZ
1002561,K000123,2026-02-25 00:00:00,9109.95,CZK,Healthcare,Withdrawal,CZ
1002562,K000123,2026-06-19 00:00:00,3868.16,CZK,Entertainment,Purchase,SK
1002563,K000123,2026-02-21 00:00:00,3994.0,CZK,Restaurants,Purchase,CZ
1002564,K000123,2026-05-14 00:00:00,4613.47,CZK,Fuel,Withdrawal,CZ
1002565,K000123,2026-04-10 00:00:00,1921.67,CZK,Electronics,Purchase,CZ
1002566,K000123,2026-03-06 00:00:00,2772.72,CZK,Entertainment,Purchase,CZ
1002567,K000123,2026-05-22 00:00:00,1069.14,EUR,Electronics,Purchase,DE
1002568,K000124,2026-06-26 00:00:00,1981.0,CZK,Other,Purchase,CZ
1002569,K000124,2026-05-26 00:00:00,334.02,CZK,Other,Purchase,CZ
1002570,K000124,2026-06-02 00:00:00,3265.4,CZK,Travel,Purchase,CZ
1002571,K000124,2026-05-06 00:00:00,101.29,CZK,Restaurants,Purchase,CZ
1002572,K000124,2026-01-08 00:00:00,2458.67,CZK,Groceries,Purchase,CZ
1002573,K000124,2026-02-16 00:00:00,2492.97,CZK,Groceries,Purchase,CZ
1002574,K000124,2026-05-15 00:00:00,-1565.81,CZK,Other,Refund,CZ
1002575,K000124,2026-01-05 00:00:00,-1334.41,CZK,Other,Refund,CZ
1002576,K000124,2026-06-19 00:00:00,2310.57,CZK,Other,Purchase,CZ
1002577,K000124,2026-01-10 00:00:00,3213.81,CZK,Healthcare,Purchase,CZ
1002578,K000124,2026-06-22 00:00:00,1578.47,CZK,Travel,Purchase,PL
1002579,K000124,2026-06-20 00:00:00,-915.67,CZK,Other,Refund,CZ
1002580,K000124,2026-01-31 00:00:00,2493.38,CZK,Other,Purchase,CZ
1002581,K000124,2029-01-12 00:00:00,1394.31,CZK,Healthcare,Purchase,CZ
1002582,K000124,2026-01-09 00:00:00,841.84,CZK,Other,Purchase,CZ
1002583,K000124,2026-06-01 00:00:00,-1835.82,CZK,Travel,Refund,CZ
1002584,K000124,2026-01-14 00:00:00,1612.67,CZK,Entertainment,Purchase,CZ
1002585,K000125,2026-03-27 00:00:00,4157.6,EUR,Travel,Withdrawal,SK
1002586,K000125,2026-04-01 00:00:00,3421.99,CZK,Groceries,Purchase,CZ
1002587,K000126,2026-03-06 00:00:00,2005.86,CZK,,Purchase,CZ
1002588,K000126,2026-06-23 00:00:00,946.61,CZK,Groceries,Purchase,CZ
1002589,K000126,2026-03-31 00:00:00,-1557.06,CZK,,Refund,CZ
1002590,K000126,2026-02-25 00:00:00,1641.51,CZK,Restaurants,Purchase,CZ
1002591,K000126,2026-06-03 00:00:00,907.54,CZK,Groceries,Withdrawal,CZ
1002592,K000126,2026-04-28 00:00:00,3110.95,CZK,Healthcare,Withdrawal,CZ
1002593,K000126,2026-03-07 00:00:00,2965.47,CZK,Electronics,Purchase,CZ
1002594,K000126,2026-04-26 00:00:00,3568.87,CZK,Healthcare,Purchase,CZ
1002595,K000126,2026-04-11 00:00:00,3410.52,CZK,Electronics,Purchase,CZ
1002596,K000126,2026-05-27 00:00:00,2398.81,CZK,Travel,Purchase,CZ
1002597,K000126,2026-01-18 00:00:00,2531.73,CZK,Restaurants,Purchase,CZ
1002598,K000126,2026-06-02 00:00:00,2095.11,CZK,Other,Purchase,CZ
1002599,K000126,2026-02-20 00:00:00,394.42,CZK,Other,Purchase,CZ
1002600,K000127,2026-03-11 00:00:00,1398.5,CZK,Fuel,Purchase,CZ
1002601,K000127,2026-02-17 00:00:00,2135.04,CZK,Groceries,Purchase,CZ
1002602,K000127,2026-06-12 00:00:00,681.69,CZK,Healthcare,Purchase,DE
1002603,K000127,2026-02-02 00:00:00,2412.98,CZK,Restaurants,Purchase,CZ
1002604,K000127,2026-02-23 00:00:00,-919.49,CZK,Groceries,Refund,CZ
1002605,K000127,2026-01-17 00:00:00,8527.71,CZK,Healthcare,Withdrawal,CZ
1002606,K000127,2026-05-07 00:00:00,3057.34,CZK,Travel,Purchase,CZ
1002607,K000127,2026-02-20 00:00:00,3086.64,CZK,Entertainment,Purchase,CZ
1002608,K000127,2026-06-26 00:00:00,6391.82,CZK,Groceries,Withdrawal,CZ
1002609,K000127,2026-04-26 00:00:00,3177.85,CZK,Travel,Purchase,CZ
1002610,K000127,2026-01-22 00:00:00,2997.14,EUR,Travel,Purchase,SK
1002611,K000127,2026-05-31 00:00:00,-1944.85,CZK,Entertainment,Refund,CZ
1002612,K000127,2026-03-29 00:00:00,263.64,CZK,Groceries,Purchase,CZ
1002613,K000127,2026-06-05 00:00:00,823.54,EUR,Fuel,Purchase,AT
1002614,K000127,2026-04-01 00:00:00,-107.24,CZK,Entertainment,Refund,CZ
1002615,K000127,2026-01-16 00:00:00,695.24,CZK,Entertainment,Purchase,CZ
1002616,K000127,2028-11-24 00:00:00,359.63,CZK,Groceries,Purchase,CZ
1002617,K000127,2026-06-27 00:00:00,3638.83,CZK,Groceries,Purchase,CZ
1002618,K000127,2026-01-15 00:00:00,1820.74,CZK,Other,Purchase,CZ
1002619,K000127,2026-02-22 00:00:00,-343.2,CZK,Entertainment,Refund,CZ
1002620,K000127,2026-01-27 00:00:00,1969.78,CZK,Fuel,Purchase,CZ
1002621,K000127,2026-03-12 00:00:00,1435.43,CZK,Entertainment,Withdrawal,CZ
1002622,K000127,2026-06-25 00:00:00,6783.14,CZK,Groceries,Withdrawal,CZ
1002623,K000127,2026-05-12 00:00:00,8597.72,CZK,Travel,Withdrawal,CZ
1002624,K000127,2026-04-27 00:00:00,641.48,CZK,Travel,Withdrawal,CZ
1002625,K000127,2026-01-30 00:00:00,588.11,CZK,Travel,Purchase,CZ
1002626,K000127,2026-03-27 00:00:00,6158.77,CZK,Electronics,Withdrawal,CZ
1002627,K000127,2026-03-27 00:00:00,5324.0,CZK,Other,Withdrawal,CZ
1002628,K000128,2026-03-18 00:00:00,2011.78,CZK,Fuel,Purchase,CZ
1002629,K000128,2026-01-31 00:00:00,3413.53,CZK,Electronics,Purchase,CZ
1002630,K000129,2026-06-07 00:00:00,1175.84,CZK,Travel,Purchase,CZ
1002631,K000129,2026-03-21 00:00:00,3590.73,CZK,Restaurants,Purchase,CZ
1002632,K000129,2026-02-03 00:00:00,1716.01,CZK,Entertainment,Purchase,CZ
1002633,K000130,2026-03-29 00:00:00,4593.79,CZK,Groceries,Withdrawal,CZ
1002634,K000130,2026-02-01 00:00:00,-1007.1,CZK,Electronics,Refund,CZ
1002635,K000130,2026-03-14 00:00:00,847.74,CZK,Groceries,Purchase,CZ
1002636,K000130,2026-03-14 00:00:00,1194.67,CZK,Entertainment,Purchase,DE
1002637,K000130,2026-04-19 00:00:00,853.97,CZK,Other,Purchase,CZ
1002638,K000130,2026-04-17 00:00:00,3140.16,CZK,,Purchase,SK
1002639,K000130,2026-05-09 00:00:00,843.65,CZK,Entertainment,Purchase,CZ
1002640,K000130,2026-05-24 00:00:00,2886.88,CZK,Healthcare,Purchase,CZ
1002641,K000130,2026-01-12 00:00:00,320.84,CZK,Entertainment,Purchase,CZ
1002642,K000130,2026-01-07 00:00:00,3061.76,CZK,Restaurants,Purchase,CZ
1002643,K000130,2026-02-22 00:00:00,241.53,CZK,Electronics,Purchase,CZ
1002644,K000130,2026-05-27 00:00:00,-780.52,CZK,Electronics,Purchase,CZ
1002645,K000130,2026-06-12 00:00:00,-1988.85,CZK,Electronics,Refund,CZ
1002646,K000130,2026-03-14 00:00:00,4416.03,CZK,Travel,Withdrawal,CZ
1002647,K000130,2026-02-04 00:00:00,2812.47,CZK,Healthcare,Purchase,CZ
1002648,K000130,2026-05-04 00:00:00,3416.06,CZK,Electronics,Withdrawal,CZ
1002649,K000130,2026-02-12 00:00:00,996.49,CZK,Restaurants,Purchase,CZ
1002650,K000130,2026-05-21 00:00:00,3089.95,CZK,Other,Withdrawal,CZ
1002651,K000130,2026-03-20 00:00:00,3931.89,CZK,Electronics,Purchase,CZ
1002652,K000131,2026-03-26 00:00:00,824.14,CZK,Healthcare,Purchase,CZ
1002653,K000131,2026-05-30 00:00:00,-1620.15,CZK,Healthcare,Refund,CZ
1002654,K000131,2026-06-20 00:00:00,6782.24,CZK,Fuel,Withdrawal,CZ
1002655,K000131,2026-06-16 00:00:00,1101.84,CZK,Groceries,Purchase,CZ
1002656,K000131,2026-02-23 00:00:00,1115.87,CZK,Restaurants,Purchase,CZ
1002657,K000131,2026-04-16 00:00:00,9898.91,CZK,Electronics,Withdrawal,CZ
1002658,K000131,2026-03-09 00:00:00,3210.33,CZK,Other,Purchase,CZ
1002659,K000131,2026-06-16 00:00:00,1572.22,CZK,Entertainment,Purchase,CZ
1002660,K000131,2026-02-03 00:00:00,1726.18,CZK,Travel,Purchase,CZ
1002661,K000131,2026-04-17 00:00:00,1673.79,CZK,Electronics,Purchase,CZ
1002662,K000131,2026-03-06 00:00:00,396.73,CZK,Travel,Purchase,CZ
1002663,K000131,2026-01-26 00:00:00,377.15,CZK,Entertainment,Purchase,CZ
1002664,K000131,2026-06-18 00:00:00,2528.03,CZK,Entertainment,Purchase,CZ
1002665,K000131,2026-01-23 00:00:00,783.24,CZK,Other,Purchase,CZ
1002666,K000131,2026-04-16 00:00:00,2384.62,CZK,Fuel,Purchase,CZ
1002667,K000131,2028-07-08 00:00:00,-1500.77,CZK,Other,Refund,CZ
1002668,K000131,2026-04-04 00:00:00,1105.72,CZK,Travel,Purchase,CZ
1002669,K000131,2026-04-15 00:00:00,3396.62,CZK,Entertainment,Purchase,CZ
1002670,K000131,2026-04-20 00:00:00,2547.9,CZK,Electronics,Withdrawal,CZ
1002671,K000131,2026-01-02 00:00:00,7549.11,CZK,Healthcare,Withdrawal,CZ
1002672,K000131,2026-06-02 00:00:00,-262.03,CZK,Entertainment,Refund,CZ
1002673,K000131,2026-02-21 00:00:00,-516.45,CZK,Electronics,Refund,CZ
1002674,K000131,2026-02-02 00:00:00,2206.34,CZK,Groceries,Withdrawal,CZ
1002675,K000131,2026-02-21 00:00:00,1455.42,CZK,Fuel,Purchase,CZ
1002676,K000131,2026-03-25 00:00:00,3763.7,CZK,Healthcare,Purchase,CZ
1002677,K000132,2026-01-15 00:00:00,80.48,CZK,Healthcare,Purchase,CZ
1002678,K000132,2026-01-11 00:00:00,3829.88,CZK,Restaurants,Purchase,CZ
1002679,K000132,2026-01-24 00:00:00,850.31,CZK,Electronics,Purchase,CZ
1002680,K000132,2026-02-28 00:00:00,3090.11,EUR,Entertainment,Withdrawal,PL
1002681,K000132,2026-05-02 00:00:00,793.96,CZK,Electronics,Purchase,CZ
1002682,K000132,2026-03-11 00:00:00,3012.01,CZK,Entertainment,Purchase,CZ
1002683,K000132,2026-05-27 00:00:00,321.85,CZK,Entertainment,Purchase,CZ
1002684,K000132,2026-05-20 00:00:00,247.12,CZK,Entertainment,Purchase,CZ
1002685,K000132,2026-02-27 00:00:00,1297.05,CZK,Travel,Purchase,CZ
1002686,K000132,2026-01-14 00:00:00,1163.14,CZK,Electronics,Purchase,CZ
1002687,K000132,2026-04-25 00:00:00,3155.84,CZK,Travel,Purchase,CZ
1002688,K000132,2026-01-29 00:00:00,6412.79,CZK,Electronics,Withdrawal,CZ
1002689,K000132,2026-06-10 00:00:00,2585.68,CZK,Restaurants,Purchase,CZ
1002690,K000132,2026-06-04 00:00:00,422.86,CZK,Electronics,Purchase,CZ
1002691,K000132,2026-01-18 00:00:00,8978.56,CZK,Electronics,Withdrawal,CZ
1002692,K000132,2026-06-16 00:00:00,3562.99,CZK,Travel,Purchase,CZ
1002693,K000132,2026-01-12 00:00:00,6480.06,CZK,Fuel,Withdrawal,AT
1002694,K000132,2026-04-05 00:00:00,3764.96,CZK,Travel,Purchase,CZ
1002695,K000132,2026-01-04 00:00:00,1730.25,CZK,Other,Purchase,CZ
1002696,K000132,2026-06-19 00:00:00,9792.83,CZK,Restaurants,Withdrawal,CZ
1002697,K000132,2026-04-22 00:00:00,514.28,CZK,Electronics,Purchase,CZ
1002698,K000132,2026-01-01 00:00:00,-3385.05,CZK,Other,Purchase,CZ
1002699,K000132,2026-02-20 00:00:00,713.95,CZK,Other,Purchase,CZ
1002700,K000132,2026-05-06 00:00:00,2700.55,CZK,Fuel,Purchase,CZ
1002701,K000132,2026-01-26 00:00:00,2641.35,CZK,Travel,Purchase,CZ
1002702,K000132,2026-05-06 00:00:00,2398.77,CZK,Restaurants,Purchase,DE
1002703,K000132,2026-01-10 00:00:00,-284.25,CZK,Other,Refund,CZ
1002704,K000132,2026-05-16 00:00:00,2009.16,CZK,Travel,Purchase,CZ
1002705,K000132,2026-05-15 00:00:00,2188.29,CZK,Other,Purchase,CZ
1002706,K000132,2026-03-09 00:00:00,-1023.3,CZK,Entertainment,Refund,CZ
1002707,K000132,2026-03-20 00:00:00,2437.42,CZK,Fuel,Purchase,CZ
1002708,K000132,2026-01-10 00:00:00,1550.87,CZK,Restaurants,Purchase,CZ
1002709,K000132,2026-05-06 00:00:00,3850.55,CZK,Electronics,Purchase,CZ
1002710,K000132,2026-02-24 00:00:00,5044.71,CZK,Healthcare,Withdrawal,CZ
1002711,K000132,2026-05-12 00:00:00,3380.26,CZK,Groceries,Purchase,CZ
1002712,K000133,2026-05-21 00:00:00,499.26,CZK,Electronics,Purchase,CZ
1002713,K000133,2026-04-05 00:00:00,702.55,CZK,Restaurants,Purchase,CZ
1002714,K000133,2026-04-28 00:00:00,-65.75,CZK,Other,Refund,CZ
1002715,K000133,2026-06-14 00:00:00,1955.3,CZK,Restaurants,Purchase,CZ
1002716,K000133,2026-02-22 00:00:00,886.15,CZK,Electronics,Purchase,CZ
1002717,K000133,2026-01-20 00:00:00,175.05,CZK,Other,Purchase,CZ
1002718,K000133,2026-06-08 00:00:00,2286.9,CZK,Other,Withdrawal,CZ
1002719,K000133,2026-04-17 00:00:00,837.9,EUR,Other,Purchase,AT
1002720,K000133,2026-01-05 00:00:00,3107.34,CZK,Travel,Purchase,CZ
1002721,K000133,2026-01-16 00:00:00,1972.8,CZK,Electronics,Purchase,CZ
1002722,K000133,2026-05-30 00:00:00,-258.27,CZK,Healthcare,Refund,CZ
1002723,K000133,2026-06-09 00:00:00,-1537.19,CZK,Entertainment,Refund,CZ
1002724,K000133,2026-03-24 00:00:00,8933.52,CZK,Other,Withdrawal,CZ
1002725,K000133,2026-02-18 00:00:00,2589.95,CZK,Travel,Purchase,CZ
1002726,K000133,2026-06-25 00:00:00,3766.19,CZK,Fuel,Purchase,CZ
1002727,K000133,2026-02-15 00:00:00,1040.11,CZK,Fuel,Purchase,CZ
1002728,K000133,2026-03-05 00:00:00,3447.38,CZK,Travel,Purchase,CZ
1002729,K000133,2026-04-09 00:00:00,-1612.8,CZK,Travel,Refund,CZ
1002730,K000133,2026-01-13 00:00:00,2873.44,CZK,Restaurants,Withdrawal,CZ
1002731,K000133,2026-05-28 00:00:00,577.17,CZK,Restaurants,Purchase,CZ
1002732,K000133,2026-01-01 00:00:00,1976.04,EUR,Groceries,Purchase,AT
1002733,K000133,2026-03-06 00:00:00,-704.76,CZK,Electronics,Refund,CZ
1002734,K000134,2026-01-04 00:00:00,-1214.7,CZK,Healthcare,Refund,CZ
1002735,K000134,2026-03-23 00:00:00,440.67,CZK,Fuel,Purchase,CZ
1002736,K000134,2026-03-26 00:00:00,754.21,CZK,Restaurants,Purchase,CZ
1002737,K000134,2026-01-27 00:00:00,3646.43,CZK,Restaurants,Purchase,CZ
1002738,K000134,2026-01-22 00:00:00,-1402.07,CZK,Electronics,Refund,CZ
1002739,K000134,2026-03-14 00:00:00,3627.77,CZK,Groceries,Purchase,CZ
1002740,K000134,2026-03-19 00:00:00,2049.05,CZK,Healthcare,Purchase,CZ
1002741,K000134,2026-06-09 00:00:00,630.16,CZK,Restaurants,Purchase,CZ
1002742,K000134,2026-04-09 00:00:00,2446.35,CZK,Travel,Purchase,CZ
1002743,K000134,2026-05-28 00:00:00,-423.21,CZK,Groceries,Refund,CZ
1002744,K000134,2026-01-26 00:00:00,592.71,CZK,Fuel,Purchase,CZ
1002745,K000134,2026-03-02 00:00:00,2875.3,CZK,Travel,Purchase,CZ
1002746,K000134,2026-04-11 00:00:00,3996.33,CZK,Entertainment,Purchase,CZ
1002747,K000134,2026-03-06 00:00:00,3209.37,CZK,Groceries,Purchase,CZ
1002748,K000134,2026-02-04 00:00:00,3971.78,CZK,Other,Purchase,CZ
1002749,K000134,2026-04-20 00:00:00,3886.8,CZK,Other,Purchase,CZ
1002750,K000134,2026-02-04 00:00:00,754.99,CZK,Groceries,Purchase,CZ
1002751,K000134,2026-02-25 00:00:00,338.52,EUR,Other,Purchase,DE
1002752,K000134,2026-04-29 00:00:00,1418.1,CZK,Electronics,Purchase,CZ
1002753,K000134,2026-05-05 00:00:00,-1433.68,CZK,Fuel,Refund,CZ
1002754,K000134,2026-06-18 00:00:00,3715.23,EUR,Electronics,Purchase,DE
1002755,K000134,2026-05-21 00:00:00,3544.32,CZK,Fuel,Purchase,CZ
1002756,K000134,2026-03-01 00:00:00,2619.23,CZK,Entertainment,Purchase,CZ
1002757,K000134,2026-01-19 00:00:00,2393.02,CZK,Entertainment,Purchase,CZ
1002758,K000134,2026-04-30 00:00:00,9842.35,CZK,,Withdrawal,CZ
1002759,K000134,2026-01-02 00:00:00,3326.56,CZK,Healthcare,Withdrawal,CZ
1002760,K000134,2026-03-30 00:00:00,3834.86,CZK,Groceries,Purchase,CZ
1002761,K000134,2026-05-29 00:00:00,2943.45,CZK,Fuel,Withdrawal,CZ
1002762,K000135,2026-05-30 00:00:00,3392.13,CZK,Entertainment,Purchase,CZ
1002763,K000135,2026-03-31 00:00:00,2654.82,CZK,Restaurants,Purchase,CZ
1002764,K000135,2026-04-16 00:00:00,960.05,CZK,Electronics,Purchase,CZ
1002765,K000135,2028-08-29 00:00:00,170.23,CZK,Fuel,Purchase,CZ
1002766,K000135,2026-03-08 00:00:00,8511.14,CZK,Groceries,Withdrawal,DE
1002767,K000135,2026-02-25 00:00:00,2088.02,CZK,Electronics,Purchase,CZ
1002768,K000135,2026-03-20 00:00:00,3541.49,EUR,Restaurants,Withdrawal,PL
1002769,K000135,2026-05-29 00:00:00,8965.9,CZK,Electronics,Withdrawal,CZ
1002770,K000135,2026-01-27 00:00:00,689.8,CZK,Entertainment,Purchase,CZ
1002771,K000135,2026-05-29 00:00:00,977.76,CZK,Groceries,Purchase,CZ
1002772,K000135,2026-04-17 00:00:00,416.08,CZK,Restaurants,Purchase,CZ
1002773,K000135,2026-03-19 00:00:00,394.61,CZK,Healthcare,Purchase,CZ
1002774,K000135,2026-06-12 00:00:00,3180.54,CZK,Travel,Purchase,CZ
1002775,K000135,2026-05-27 00:00:00,2491.43,CZK,,Withdrawal,CZ
1002776,K000135,2026-03-21 00:00:00,3414.48,CZK,Entertainment,Withdrawal,CZ
1002777,K000135,2026-01-12 00:00:00,309.26,CZK,Restaurants,Purchase,CZ
1002778,K000135,2026-04-04 00:00:00,1248.67,CZK,Fuel,Purchase,CZ
1002779,K000135,2026-02-02 00:00:00,3032.33,CZK,Restaurants,Purchase,CZ
1002780,K000135,2026-01-20 00:00:00,3046.09,CZK,Other,Purchase,CZ
1002781,K000135,2026-05-02 00:00:00,2568.51,CZK,Fuel,Withdrawal,CZ
1002782,K000135,2026-06-05 00:00:00,-485.25,CZK,Fuel,Refund,CZ
1002783,K000135,2026-05-10 00:00:00,511.79,EUR,Healthcare,Purchase,SK
1002784,K000135,2026-02-27 00:00:00,2758.08,CZK,Healthcare,Purchase,CZ
1002785,K000135,2026-06-23 00:00:00,472.43,CZK,Entertainment,Purchase,CZ
1002786,K000135,2026-05-26 00:00:00,1334.89,CZK,Groceries,Purchase,CZ
1002787,K000135,2026-03-13 00:00:00,6043.53,CZK,Entertainment,Withdrawal,CZ
1002788,K000135,2026-04-16 00:00:00,-9015.85,EUR,Other,Withdrawal,SK
1002789,K000135,2026-02-20 00:00:00,267.92,CZK,Entertainment,Purchase,CZ
1002790,K000136,2026-06-22 00:00:00,-1706.37,CZK,Healthcare,Refund,CZ
1002791,K000137,2026-05-15 00:00:00,3513.07,CZK,Fuel,Purchase,SK
1002792,K000137,2026-01-10 00:00:00,86.14,CZK,Travel,Purchase,CZ
1002793,K000137,2026-01-18 00:00:00,467.32,CZK,Groceries,Purchase,CZ
1002794,K000137,2026-03-13 00:00:00,2791.52,CZK,Other,Purchase,CZ
1002795,K000137,2026-04-18 00:00:00,1761.94,CZK,Other,Purchase,CZ
1002796,K000137,2026-03-08 00:00:00,504.17,CZK,Other,Purchase,CZ
1002797,K000137,2026-01-04 00:00:00,3117.4,CZK,Electronics,Purchase,CZ
1002798,K000137,2026-01-08 00:00:00,1536.02,CZK,Other,Purchase,CZ
1002799,K000137,2026-03-07 00:00:00,3031.31,CZK,Electronics,Purchase,CZ
1002800,K000137,2026-01-26 00:00:00,2975.71,CZK,Travel,Purchase,CZ
1002801,K000137,2026-05-27 00:00:00,3427.54,CZK,Electronics,Purchase,CZ
1002802,K000137,2026-05-11 00:00:00,586.8,CZK,Entertainment,Purchase,CZ
1002803,K000137,2026-04-06 00:00:00,1881.68,CZK,Other,Purchase,CZ
1002804,K000137,2026-03-04 00:00:00,3072.71,CZK,Healthcare,Withdrawal,CZ
1002805,K000137,2026-05-01 00:00:00,9691.27,CZK,Fuel,Withdrawal,CZ
1002806,K000137,2026-06-16 00:00:00,1379.4,CZK,Groceries,Purchase,CZ
1002807,K000137,2026-01-08 00:00:00,2961.17,CZK,Groceries,Purchase,CZ
1002808,K000137,2026-02-02 00:00:00,1095.87,CZK,Other,Purchase,CZ
1002809,K000137,2026-03-04 00:00:00,2695.61,CZK,Restaurants,Purchase,CZ
1002810,K000137,2026-01-28 00:00:00,2875.92,CZK,Healthcare,Purchase,CZ
1002811,K000137,2026-01-22 00:00:00,3488.54,CZK,Entertainment,Withdrawal,CZ
1002812,K000137,2026-02-09 00:00:00,6436.23,CZK,Travel,Withdrawal,DE
1002813,K000137,2026-02-04 00:00:00,958.46,CZK,Electronics,Purchase,AT
1002814,K000137,2026-05-11 00:00:00,3233.17,CZK,Restaurants,Purchase,CZ
1002815,K000137,2026-06-11 00:00:00,3164.03,CZK,Entertainment,Purchase,CZ
1002816,K000137,2026-05-02 00:00:00,3125.49,CZK,Electronics,Purchase,CZ
1002817,K000137,2026-04-20 00:00:00,84.4,CZK,Fuel,Purchase,CZ
1002818,K000137,2026-05-20 00:00:00,4846.01,CZK,Other,Withdrawal,CZ
1002819,K000137,2026-02-28 00:00:00,1196.5,CZK,,Purchase,CZ
1002820,K000137,2026-02-01 00:00:00,1897.76,CZK,Entertainment,Purchase,CZ
1002821,K000137,2026-06-04 00:00:00,1074.24,CZK,Electronics,Withdrawal,CZ
1002822,K000137,2026-06-11 00:00:00,616.13,CZK,Restaurants,Purchase,CZ
1002823,K000137,2026-03-17 00:00:00,274.25,CZK,Electronics,Purchase,CZ
1002824,K000137,2026-06-27 00:00:00,2410.07,EUR,Travel,Purchase,PL
1002825,K000137,2026-02-09 00:00:00,5244.07,CZK,Travel,Withdrawal,CZ
1002826,K000137,2026-03-20 00:00:00,7256.92,CZK,Restaurants,Withdrawal,CZ
1002827,K000137,2026-02-19 00:00:00,6970.01,CZK,Other,Withdrawal,CZ
1002828,K000138,2026-02-28 00:00:00,-595.73,CZK,Electronics,Refund,CZ
1002829,K000138,2026-06-20 00:00:00,1664.19,EUR,Travel,Purchase,AT
1002830,K000138,2026-03-28 00:00:00,1542.2,CZK,Groceries,Purchase,CZ
1002831,K000138,2026-02-04 00:00:00,199.55,CZK,Entertainment,Purchase,CZ
1002832,K000139,2026-05-15 00:00:00,-869.0,CZK,Electronics,Refund,CZ
1002833,K000140,2026-03-09 00:00:00,2573.07,CZK,Fuel,Purchase,CZ
1002834,K000140,2026-05-14 00:00:00,5995.44,CZK,Restaurants,Withdrawal,CZ
1002835,K000140,2029-02-03 00:00:00,1143.27,EUR,Travel,Withdrawal,PL
1002836,K000140,2026-03-29 00:00:00,3615.29,CZK,Groceries,Purchase,CZ
1002837,K000140,2026-01-02 00:00:00,2246.65,CZK,Entertainment,Purchase,CZ
1002838,K000140,2026-06-09 00:00:00,3407.46,CZK,Fuel,Purchase,CZ
1002839,K000140,2026-02-19 00:00:00,5413.35,CZK,Fuel,Withdrawal,CZ
1002840,K000140,2026-04-27 00:00:00,7118.86,CZK,Groceries,Withdrawal,CZ
1002841,K000140,2026-01-16 00:00:00,2638.08,CZK,Restaurants,Purchase,CZ
1002842,K000140,2026-03-13 00:00:00,2590.56,CZK,Groceries,Purchase,CZ
1002843,K000140,2026-02-23 00:00:00,9115.86,EUR,Other,Withdrawal,SK
1002844,K000140,2026-04-03 00:00:00,711.03,CZK,Groceries,Purchase,CZ
1002845,K000140,2026-01-01 00:00:00,1378.07,CZK,Travel,Purchase,CZ
1002846,K000140,2026-02-26 00:00:00,2207.73,CZK,Other,Purchase,CZ
1002847,K000140,2026-06-24 00:00:00,-1196.02,CZK,Entertainment,Refund,CZ
1002848,K000140,2026-06-08 00:00:00,1678.59,CZK,Other,Purchase,CZ
1002849,K000140,2026-04-20 00:00:00,-611.66,CZK,Electronics,Refund,CZ
1002850,K000140,2026-03-11 00:00:00,2770.66,CZK,Other,Purchase,CZ
1002851,K000140,2026-03-08 00:00:00,844.7,CZK,Healthcare,Purchase,CZ
1002852,K000140,2026-04-07 00:00:00,2245.86,CZK,Healthcare,Purchase,CZ
1002853,K000140,2026-04-03 00:00:00,347.74,CZK,Healthcare,Purchase,CZ
1002854,K000140,2026-02-08 00:00:00,1818.02,CZK,Entertainment,Purchase,CZ
1002855,K000140,2026-05-02 00:00:00,2321.21,CZK,Travel,Purchase,CZ
1002856,K000140,2026-06-21 00:00:00,3580.72,CZK,Other,Purchase,CZ
1002857,K000140,2029-01-08 00:00:00,2377.26,CZK,Other,Purchase,CZ
1002858,K000141,2026-04-21 00:00:00,3884.52,CZK,Fuel,Purchase,CZ
1002859,K000141,2026-02-23 00:00:00,1488.61,CZK,Restaurants,Purchase,CZ
1002860,K000141,2026-03-05 00:00:00,4849.43,CZK,Restaurants,Withdrawal,CZ
1002861,K000141,2026-02-06 00:00:00,-4116.25,CZK,Groceries,Withdrawal,CZ
1002862,K000141,2026-03-27 00:00:00,2630.79,CZK,Groceries,Purchase,CZ
1002863,K000141,2026-03-10 00:00:00,-1652.54,CZK,Fuel,Refund,CZ
1002864,K000141,2026-03-24 00:00:00,2485.3,CZK,Other,Purchase,CZ
1002865,K000141,2026-04-23 00:00:00,4548.81,CZK,Healthcare,Withdrawal,CZ
1002866,K000141,2026-03-13 00:00:00,3971.82,CZK,Restaurants,Purchase,CZ
1002867,K000141,2026-06-19 00:00:00,3195.26,CZK,Healthcare,Withdrawal,CZ
1002868,K000141,2026-04-28 00:00:00,1463.26,CZK,Travel,Purchase,CZ
1002869,K000141,2026-03-25 00:00:00,4652.7,CZK,Other,Withdrawal,CZ
1002870,K000141,2026-03-12 00:00:00,973.77,CZK,Other,Purchase,CZ
1002871,K000141,2026-02-23 00:00:00,2550.32,CZK,Fuel,Purchase,CZ
1002872,K000141,2026-05-25 00:00:00,535.55,CZK,Groceries,Purchase,CZ
1002873,K000141,2026-03-11 00:00:00,4489.14,CZK,Entertainment,Withdrawal,CZ
1002874,K000142,2026-01-29 00:00:00,77.91,CZK,Electronics,Purchase,CZ
1002875,K000142,2026-01-26 00:00:00,4020.54,CZK,Other,Withdrawal,CZ
1002876,K000142,2026-04-13 00:00:00,4156.24,CZK,Healthcare,Withdrawal,CZ
1002877,K000142,2028-09-17 00:00:00,3749.22,CZK,Travel,Withdrawal,CZ
1002878,K000142,2026-03-24 00:00:00,1185.7,CZK,Fuel,Purchase,CZ
1002879,K000142,2026-05-09 00:00:00,1231.39,CZK,Healthcare,Purchase,CZ
1002880,K000142,2026-05-22 00:00:00,2448.93,CZK,Electronics,Purchase,CZ
1002881,K000142,2026-04-21 00:00:00,1941.86,CZK,Healthcare,Purchase,CZ
1002882,K000142,2026-01-10 00:00:00,2940.96,CZK,Electronics,Withdrawal,DE
1002883,K000142,2026-01-06 00:00:00,3481.98,CZK,,Purchase,CZ
1002884,K000142,2026-05-09 00:00:00,1313.14,CZK,Fuel,Purchase,CZ
1002885,K000142,2026-01-27 00:00:00,2454.02,CZK,Electronics,Purchase,CZ
1002886,K000142,2026-04-26 00:00:00,2031.6,CZK,Electronics,Purchase,CZ
1002887,K000142,2026-04-12 00:00:00,3513.23,CZK,Entertainment,Purchase,CZ
1002888,K000142,2026-05-18 00:00:00,2630.64,CZK,Healthcare,Purchase,SK
1002889,K000142,2026-04-21 00:00:00,2430.89,CZK,Fuel,Purchase,CZ
1002890,K000142,2026-04-11 00:00:00,3447.02,CZK,Other,Purchase,CZ
1002891,K000142,2026-05-04 00:00:00,3947.08,CZK,Fuel,Purchase,CZ
1002892,K000142,2026-05-07 00:00:00,3157.17,CZK,Fuel,Purchase,CZ
1002893,K000142,2026-02-18 00:00:00,448.39,CZK,Entertainment,Purchase,CZ
1002894,K000142,2026-05-27 00:00:00,7444.59,CZK,Travel,Withdrawal,CZ
1002895,K000142,2026-02-16 00:00:00,1728.84,CZK,Electronics,Purchase,AT
1002896,K000143,2026-02-09 00:00:00,556.5,CZK,Travel,Purchase,CZ
1002897,K000143,2026-01-14 00:00:00,3427.75,CZK,Restaurants,Purchase,CZ
1002898,K000143,2026-02-10 00:00:00,1225.23,CZK,Other,Purchase,CZ
1002899,K000143,2026-01-04 00:00:00,9445.78,CZK,Other,Withdrawal,CZ
1002900,K000143,2028-10-26 00:00:00,144.99,CZK,Restaurants,Purchase,CZ
1002901,K000143,2026-02-14 00:00:00,2794.5,CZK,Other,Withdrawal,CZ
1002902,K000143,2026-06-14 00:00:00,1066.16,CZK,Other,Purchase,CZ
1002903,K000143,2026-02-27 00:00:00,471.62,CZK,Healthcare,Purchase,CZ
1002904,K000143,2026-01-28 00:00:00,907.77,CZK,Fuel,Purchase,CZ
1002905,K000143,2026-02-15 00:00:00,9636.34,CZK,Restaurants,Withdrawal,CZ
1002906,K000143,2026-03-07 00:00:00,1774.82,CZK,Entertainment,Purchase,CZ
1002907,K000143,2026-03-15 00:00:00,3544.03,CZK,Groceries,Purchase,CZ
1002908,K000143,2026-01-29 00:00:00,-725.94,CZK,Entertainment,Refund,CZ
1002909,K000143,2026-06-20 00:00:00,1300.62,EUR,Fuel,Withdrawal,SK
1002910,K000143,2026-06-17 00:00:00,2882.71,CZK,Travel,Purchase,CZ
1002911,K000143,2026-04-11 00:00:00,683.45,CZK,Healthcare,Purchase,CZ
1002912,K000143,2026-03-06 00:00:00,-9271.09,CZK,Fuel,Withdrawal,CZ
1002913,K000143,2026-04-24 00:00:00,670.98,EUR,Other,Purchase,AT
1002914,K000143,2026-01-28 00:00:00,2184.61,CZK,Groceries,Purchase,CZ
1002915,K000143,2026-01-16 00:00:00,-717.11,EUR,Other,Refund,AT
1002916,K000143,2026-04-14 00:00:00,704.51,CZK,Groceries,Purchase,CZ
1002917,K000143,2026-03-12 00:00:00,2861.36,CZK,Healthcare,Purchase,CZ
1002918,K000143,2026-05-16 00:00:00,3674.76,CZK,Entertainment,Withdrawal,CZ
1002919,K000143,2026-03-22 00:00:00,-1524.78,CZK,Restaurants,Refund,CZ
1002920,K000143,2026-05-08 00:00:00,2829.36,CZK,Healthcare,Purchase,CZ
1002921,K000143,2026-04-16 00:00:00,-1847.02,CZK,Electronics,Refund,CZ
1002922,K000143,2026-03-22 00:00:00,7499.25,CZK,Restaurants,Withdrawal,CZ
1002923,K000143,2026-02-10 00:00:00,415.7,CZK,Entertainment,Purchase,CZ
1002924,K000143,2026-02-20 00:00:00,1616.17,CZK,Fuel,Purchase,AT
1002925,K000143,2026-01-15 00:00:00,2203.24,CZK,Fuel,Purchase,CZ
1002926,K000143,2026-02-06 00:00:00,3936.18,CZK,Electronics,Withdrawal,CZ
1002927,K000143,2026-02-12 00:00:00,2879.38,CZK,Travel,Purchase,CZ
1002928,K000143,2026-02-04 00:00:00,1758.45,CZK,Entertainment,Purchase,CZ
1002929,K000143,2026-01-14 00:00:00,-1335.5,CZK,Healthcare,Refund,CZ
1002930,K000143,2026-06-09 00:00:00,-1036.27,CZK,Healthcare,Refund,CZ
1002931,K000143,2026-03-21 00:00:00,-1648.18,CZK,Travel,Refund,CZ
1002932,K000143,2026-04-15 00:00:00,1456.12,CZK,Entertainment,Purchase,CZ
1002933,K000143,2026-03-27 00:00:00,3181.39,CZK,Fuel,Purchase,CZ
1002934,K000144,2026-03-25 00:00:00,1017.94,EUR,Healthcare,Purchase,DE
1002935,K000144,2026-01-15 00:00:00,2704.3,CZK,Healthcare,Purchase,CZ
1002936,K000144,2026-01-27 00:00:00,-631.61,CZK,Groceries,Refund,PL
1002937,K000144,2026-05-09 00:00:00,5439.56,CZK,Fuel,Withdrawal,CZ
1002938,K000144,2026-03-06 00:00:00,125.08,CZK,Entertainment,Purchase,CZ
1002939,K000144,2026-04-20 00:00:00,392.38,CZK,Electronics,Purchase,CZ
1002940,K000144,2026-03-02 00:00:00,529.16,CZK,Other,Purchase,CZ
1002941,K000144,2026-01-18 00:00:00,2433.17,CZK,Electronics,Withdrawal,CZ
1002942,K000144,2026-06-06 00:00:00,2710.12,CZK,Groceries,Purchase,CZ
1002943,K000144,2026-02-25 00:00:00,172.76,CZK,Restaurants,Purchase,CZ
1002944,K000144,2026-02-25 00:00:00,3312.58,CZK,Restaurants,Purchase,CZ
1002945,K000144,2026-01-02 00:00:00,1965.88,CZK,Healthcare,Purchase,CZ
1002946,K000144,2026-01-09 00:00:00,121.76,CZK,Other,Purchase,CZ
1002947,K000144,2026-03-23 00:00:00,104.28,EUR,Restaurants,Purchase,PL
1002948,K000145,2026-02-14 00:00:00,1065.86,CZK,Other,Purchase,CZ
1002949,K000145,2026-01-19 00:00:00,1769.68,CZK,Groceries,Purchase,CZ
1002950,K000145,2026-06-26 00:00:00,605.49,CZK,Travel,Purchase,CZ
1002951,K000145,2026-06-09 00:00:00,5436.91,CZK,Electronics,Withdrawal,CZ
1002952,K000145,2026-05-26 00:00:00,2093.45,CZK,Groceries,Withdrawal,CZ
1002953,K000145,2026-06-03 00:00:00,2208.22,CZK,Entertainment,Purchase,CZ
1002954,K000145,2026-04-26 00:00:00,3482.33,CZK,Restaurants,Purchase,CZ
1002955,K000145,2026-04-30 00:00:00,2140.07,CZK,Healthcare,Purchase,CZ
1002956,K000145,2026-01-07 00:00:00,1811.44,CZK,Other,Purchase,CZ
1002957,K000145,2026-05-18 00:00:00,-63.77,CZK,Healthcare,Refund,CZ
1002958,K000145,2026-02-13 00:00:00,2121.0,CZK,Restaurants,Withdrawal,CZ
1002959,K000145,2026-03-28 00:00:00,3784.42,CZK,Restaurants,Purchase,CZ
1002960,K000145,2026-03-13 00:00:00,1817.07,CZK,,Purchase,CZ
1002961,K000145,2026-03-23 00:00:00,1983.08,CZK,Travel,Purchase,CZ
1002962,K000145,2026-06-06 00:00:00,2637.45,CZK,,Purchase,CZ
1002963,K000145,2026-03-11 00:00:00,2064.25,CZK,Groceries,Purchase,CZ
1002964,K000145,2026-02-11 00:00:00,3928.51,CZK,Fuel,Purchase,CZ
1002965,K000145,2026-01-31 00:00:00,1475.98,CZK,Electronics,Purchase,CZ
1002966,K000146,2026-02-20 00:00:00,2490.91,CZK,,Purchase,CZ
1002967,K000146,2026-04-13 00:00:00,2570.25,CZK,Other,Purchase,CZ
1002968,K000146,2026-01-23 00:00:00,2186.04,CZK,Healthcare,Purchase,PL
1002969,K000146,2026-06-11 00:00:00,7961.57,CZK,Groceries,Withdrawal,CZ
1002970,K000146,2026-03-18 00:00:00,-1107.7,EUR,Groceries,Refund,SK
1002971,K000146,2026-03-27 00:00:00,1885.65,CZK,Entertainment,Purchase,CZ
1002972,K000146,2026-05-25 00:00:00,204.09,CZK,Healthcare,Purchase,CZ
1002973,K000146,2026-01-20 00:00:00,3204.21,CZK,Electronics,Purchase,CZ
1002974,K000146,2026-03-06 00:00:00,2043.97,CZK,Fuel,Purchase,CZ
1002975,K000146,2026-02-18 00:00:00,-1290.42,CZK,Travel,Refund,CZ
1002976,K000146,2026-05-23 00:00:00,2033.02,CZK,Fuel,Purchase,CZ
1002977,K000146,2026-02-18 00:00:00,1916.76,CZK,,Purchase,CZ
1002978,K000146,2026-03-07 00:00:00,2322.54,CZK,Travel,Purchase,CZ
1002979,K000146,2026-03-15 00:00:00,1846.9,CZK,Healthcare,Purchase,CZ
1002980,K000146,2026-03-30 00:00:00,2234.64,CZK,Healthcare,Purchase,CZ
1002981,K000146,2026-02-09 00:00:00,-1739.72,CZK,Groceries,Refund,DE
1002982,K000146,2026-01-27 00:00:00,3129.2,CZK,Fuel,Purchase,CZ
1002983,K000146,2026-04-12 00:00:00,1406.31,CZK,Healthcare,Purchase,CZ
1002984,K000146,2026-05-16 00:00:00,2352.1,CZK,Travel,Withdrawal,CZ
1002985,K000146,2026-01-31 00:00:00,3491.49,CZK,Restaurants,Purchase,CZ
1002986,K000146,2026-03-09 00:00:00,-698.28,CZK,Restaurants,Refund,CZ
1002987,K000146,2026-05-17 00:00:00,1236.01,CZK,Entertainment,Purchase,CZ
1002988,K000146,2026-06-09 00:00:00,-582.57,CZK,Travel,Refund,CZ
1002989,K000146,2026-03-15 00:00:00,9911.62,CZK,Electronics,Withdrawal,CZ
1002990,K000146,2026-06-16 00:00:00,4059.24,CZK,Entertainment,Withdrawal,CZ
1002991,K000146,2026-01-01 00:00:00,2980.36,CZK,Electronics,Withdrawal,CZ
1002992,K000146,2026-05-03 00:00:00,976.7,CZK,Fuel,Purchase,CZ
1002993,K000146,2026-02-20 00:00:00,604.24,CZK,Electronics,Purchase,CZ
1002994,K000146,2026-05-17 00:00:00,-1882.55,CZK,Restaurants,Refund,PL
1002995,K000146,2026-04-19 00:00:00,501.22,CZK,Healthcare,Purchase,CZ
1002996,K000146,2026-04-25 00:00:00,1896.83,CZK,Other,Withdrawal,CZ
1002997,K000146,2026-06-10 00:00:00,356.23,CZK,Entertainment,Purchase,CZ
1002998,K000147,2026-01-28 00:00:00,3964.2,CZK,Travel,Purchase,CZ
1002999,K000147,2026-02-17 00:00:00,-1260.92,CZK,Electronics,Refund,CZ
1003000,K000147,2026-01-29 00:00:00,365.8,CZK,Travel,Purchase,CZ
1003001,K000147,2026-01-10 00:00:00,6369.92,CZK,Other,Withdrawal,CZ
1003002,K000147,2026-03-08 00:00:00,316.42,CZK,Fuel,Purchase,CZ
1003003,K000147,2026-01-04 00:00:00,2111.01,CZK,Healthcare,Withdrawal,CZ
1003004,K000147,2026-04-01 00:00:00,3710.1,CZK,Travel,Purchase,CZ
1003005,K000147,2026-03-24 00:00:00,3026.41,CZK,Fuel,Purchase,CZ
1003006,K000147,2026-01-08 00:00:00,1903.45,CZK,Electronics,Purchase,CZ
1003007,K000147,2026-04-22 00:00:00,1447.2,CZK,Travel,Withdrawal,CZ
1003008,K000147,2026-05-18 00:00:00,8264.43,CZK,Electronics,Withdrawal,CZ
1003009,K000148,2026-01-07 00:00:00,6510.4,CZK,Healthcare,Withdrawal,CZ
1003010,K000148,2026-06-08 00:00:00,1898.61,CZK,,Purchase,CZ
1003011,K000148,2026-01-21 00:00:00,1199.31,CZK,Healthcare,Purchase,CZ
1003012,K000148,2026-06-17 00:00:00,3511.97,CZK,Travel,Purchase,CZ
1003013,K000148,2026-03-31 00:00:00,1525.33,CZK,Electronics,Purchase,CZ
1003014,K000148,2026-04-27 00:00:00,7365.99,CZK,Entertainment,Withdrawal,CZ
1003015,K000148,2026-03-24 00:00:00,3445.87,CZK,Entertainment,Purchase,CZ
1003016,K000148,2026-02-09 00:00:00,1357.28,CZK,Travel,Purchase,CZ
1003017,K000148,2026-06-01 00:00:00,3231.47,CZK,Other,Purchase,CZ
1003018,K000148,2026-06-12 00:00:00,3055.1,CZK,Fuel,Purchase,CZ
1003019,K000148,2026-06-09 00:00:00,2359.96,CZK,Fuel,Purchase,CZ
1003020,K000148,2026-02-27 00:00:00,53.64,CZK,Entertainment,Purchase,CZ
1003021,K000148,2026-01-22 00:00:00,2972.19,CZK,Entertainment,Purchase,CZ
1003022,K000148,2026-02-21 00:00:00,1028.25,CZK,Restaurants,Purchase,CZ
1003023,K000148,2026-04-22 00:00:00,1448.96,CZK,Electronics,Purchase,CZ
1003024,K000148,2026-04-15 00:00:00,2126.03,CZK,Fuel,Purchase,CZ
1003025,K000148,2026-03-31 00:00:00,913.12,CZK,Restaurants,Purchase,CZ
1003026,K000148,2026-04-09 00:00:00,3321.67,CZK,Entertainment,Purchase,CZ
1003027,K000148,2026-01-23 00:00:00,2628.13,CZK,Fuel,Purchase,CZ
1003028,K000148,2026-06-11 00:00:00,1911.34,CZK,Fuel,Purchase,CZ
1003029,K000148,2026-01-18 00:00:00,-996.77,EUR,Other,Refund,PL
1003030,K000148,2026-03-03 00:00:00,-786.08,CZK,Groceries,Refund,CZ
1003031,K000148,2026-05-10 00:00:00,7110.19,CZK,Restaurants,Withdrawal,CZ
1003032,K000148,2026-01-13 00:00:00,1294.78,CZK,Fuel,Purchase,CZ
1003033,K000148,2026-03-05 00:00:00,2454.86,EUR,Travel,Withdrawal,AT
1003034,K000148,2026-01-08 00:00:00,118.59,CZK,Groceries,Purchase,CZ
1003035,K000148,2026-03-14 00:00:00,-1505.38,CZK,Other,Refund,CZ
1003036,K000148,2026-01-28 00:00:00,1016.5,CZK,Other,Purchase,CZ
1003037,K000148,2026-05-29 00:00:00,1163.4,CZK,Other,Purchase,AT
1003038,K000148,2026-06-20 00:00:00,7862.34,CZK,Other,Withdrawal,CZ
1003039,K000148,2026-01-29 00:00:00,1094.65,CZK,Restaurants,Purchase,CZ
1003040,K000148,2026-05-31 00:00:00,376.07,CZK,Restaurants,Purchase,CZ
1003041,K000149,2026-03-22 00:00:00,1229.18,CZK,Electronics,Purchase,CZ
1003042,K000149,2026-01-02 00:00:00,-381.26,CZK,Healthcare,Refund,CZ
1003043,K000149,2026-04-04 00:00:00,7980.9,CZK,Other,Withdrawal,CZ
1003044,K000149,2026-03-30 00:00:00,1534.21,CZK,Electronics,Purchase,CZ
1003045,K000149,2026-02-06 00:00:00,-1498.66,CZK,Groceries,Refund,CZ
1003046,K000149,2026-03-21 00:00:00,-113.28,CZK,Healthcare,Refund,CZ
1003047,K000149,2026-03-05 00:00:00,1227.39,CZK,Fuel,Purchase,CZ
1003048,K000149,2026-01-23 00:00:00,1328.27,CZK,Fuel,Purchase,CZ
1003049,K000149,2026-06-20 00:00:00,7667.21,CZK,Entertainment,Withdrawal,AT
1003050,K000149,2026-04-19 00:00:00,1422.73,CZK,Entertainment,Purchase,CZ
1003051,K000149,2026-04-17 00:00:00,2260.73,CZK,Groceries,Purchase,CZ
1003052,K000149,2026-04-18 00:00:00,105.9,CZK,Restaurants,Purchase,CZ
1003053,K000149,2026-01-30 00:00:00,1690.54,EUR,Entertainment,Purchase,DE
1003054,K000149,2026-04-12 00:00:00,372.02,CZK,Other,Purchase,CZ
1003055,K000149,2026-03-21 00:00:00,1581.94,CZK,Other,Purchase,CZ
1003056,K000149,2026-05-10 00:00:00,832.88,CZK,Groceries,Purchase,CZ
1003057,K000149,2026-05-07 00:00:00,4192.47,CZK,Fuel,Withdrawal,CZ
1003058,K000149,2026-05-25 00:00:00,67.08,CZK,Healthcare,Purchase,CZ
1003059,K000149,2026-01-03 00:00:00,476.28,CZK,Healthcare,Purchase,CZ
1003060,K000149,2026-06-24 00:00:00,2686.06,CZK,Healthcare,Purchase,CZ
1003061,K000149,2026-02-14 00:00:00,1697.86,CZK,Other,Purchase,CZ
1003062,K000149,2026-04-11 00:00:00,2451.54,CZK,Travel,Purchase,CZ
1003063,K000150,2026-02-25 00:00:00,3021.97,CZK,Other,Purchase,CZ
1003064,K000150,2026-06-27 00:00:00,1709.59,CZK,Healthcare,Withdrawal,CZ
1003065,K000150,2026-05-23 00:00:00,3863.1,CZK,Healthcare,Purchase,CZ
1003066,K000150,2026-06-22 00:00:00,1681.66,CZK,Entertainment,Purchase,CZ
1003067,K000150,2026-06-16 00:00:00,3723.96,CZK,Other,Purchase,CZ
1003068,K000150,2026-01-08 00:00:00,1603.31,CZK,Travel,Purchase,CZ
1003069,K000150,2026-05-10 00:00:00,3809.05,CZK,Entertainment,Purchase,CZ
1003070,K000151,2026-06-25 00:00:00,6844.51,CZK,Groceries,Withdrawal,CZ
1003071,K000151,2026-05-06 00:00:00,831.84,CZK,Fuel,Purchase,CZ
1003072,K000151,2026-03-29 00:00:00,2770.22,CZK,Entertainment,Purchase,CZ
1003073,K000151,2026-03-05 00:00:00,2244.02,CZK,Healthcare,Purchase,CZ
1003074,K000151,2026-03-14 00:00:00,335.38,CZK,Electronics,Purchase,CZ
1003075,K000151,2026-02-13 00:00:00,527.18,CZK,Healthcare,Purchase,CZ
1003076,K000151,2026-01-23 00:00:00,3435.62,CZK,Fuel,Purchase,CZ
1003077,K000151,2026-02-12 00:00:00,4173.93,CZK,Travel,Withdrawal,CZ
1003078,K000151,2026-05-25 00:00:00,-1147.31,CZK,Travel,Refund,CZ
1003079,K000151,2026-03-07 00:00:00,9874.15,EUR,Electronics,Withdrawal,PL
1003080,K000151,2026-06-10 00:00:00,8875.12,CZK,Restaurants,Withdrawal,CZ
1003081,K000151,2026-06-02 00:00:00,5397.9,EUR,Entertainment,Withdrawal,DE
1003082,K000151,2026-01-04 00:00:00,659.23,CZK,Restaurants,Purchase,CZ
1003083,K000151,2026-03-25 00:00:00,5180.86,CZK,Fuel,Withdrawal,CZ
1003084,K000151,2026-02-05 00:00:00,-1856.51,CZK,Restaurants,Refund,DE
1003085,K000151,2026-05-28 00:00:00,4571.8,CZK,Groceries,Withdrawal,CZ
1003086,K000151,2026-04-24 00:00:00,933.97,CZK,Other,Purchase,CZ
1003087,K000152,2026-05-29 00:00:00,2654.44,CZK,Electronics,Purchase,CZ
1003088,K000152,2026-05-06 00:00:00,3283.87,CZK,Healthcare,Purchase,CZ
1003089,K000152,2026-06-02 00:00:00,3746.33,CZK,Other,Withdrawal,CZ
1003090,K000152,2026-03-03 00:00:00,2035.32,CZK,Fuel,Purchase,CZ
1003091,K000152,2026-01-25 00:00:00,4513.01,CZK,Travel,Withdrawal,SK
1003092,K000152,2026-05-25 00:00:00,3405.19,CZK,Entertainment,Purchase,CZ
1003093,K000152,2026-04-30 00:00:00,2340.63,CZK,Groceries,Purchase,CZ
1003094,K000152,2026-05-13 00:00:00,1792.06,CZK,Travel,Purchase,CZ
1003095,K000152,2026-03-14 00:00:00,2703.78,CZK,Travel,Withdrawal,CZ
1003096,K000152,2026-01-28 00:00:00,-787.03,CZK,Restaurants,Refund,CZ
1003097,K000152,2026-01-04 00:00:00,-1106.05,CZK,Fuel,Refund,CZ
1003098,K000154,2026-01-23 00:00:00,1445.82,CZK,Travel,Purchase,CZ
1003099,K000154,2026-05-28 00:00:00,2280.63,CZK,Groceries,Purchase,CZ
1003100,K000154,2026-02-28 00:00:00,1818.25,CZK,Healthcare,Purchase,CZ
1003101,K000154,2026-06-11 00:00:00,5474.09,CZK,Restaurants,Withdrawal,CZ
1003102,K000154,2026-03-21 00:00:00,3281.52,CZK,Other,Purchase,CZ
1003103,K000154,2026-06-21 00:00:00,2066.61,CZK,Electronics,Purchase,CZ
1003104,K000154,2026-06-25 00:00:00,3020.84,CZK,Groceries,Purchase,CZ
1003105,K000154,2026-03-31 00:00:00,513.02,CZK,Restaurants,Purchase,CZ
1003106,K000154,2026-05-11 00:00:00,1823.85,CZK,Fuel,Purchase,DE
1003107,K000154,2026-02-28 00:00:00,3931.14,CZK,Travel,Purchase,CZ
1003108,K000154,2026-05-09 00:00:00,2734.32,CZK,Healthcare,Purchase,CZ
1003109,K000155,2026-05-04 00:00:00,1101.84,CZK,Fuel,Purchase,CZ
1003110,K000155,2026-03-29 00:00:00,-599.52,CZK,Travel,Refund,CZ
1003111,K000155,2026-01-25 00:00:00,3073.79,CZK,Travel,Purchase,CZ
1003112,K000155,2026-05-13 00:00:00,1825.21,CZK,Groceries,Withdrawal,CZ
1003113,K000155,2026-05-14 00:00:00,1478.74,CZK,Other,Withdrawal,CZ
1003114,K000155,2026-03-01 00:00:00,1866.79,CZK,Groceries,Purchase,CZ
1003115,K000155,2026-01-16 00:00:00,5554.55,EUR,Electronics,Withdrawal,DE
1003116,K000155,2026-04-22 00:00:00,1965.23,EUR,Electronics,Purchase,AT
1003117,K000155,2026-04-07 00:00:00,7885.54,CZK,Entertainment,Withdrawal,CZ
1003118,K000155,2026-03-24 00:00:00,3461.12,CZK,Fuel,Purchase,CZ
1003119,K000155,2028-08-15 00:00:00,706.44,CZK,Fuel,Purchase,CZ
1003120,K000155,2026-04-07 00:00:00,4202.0,CZK,Healthcare,Withdrawal,CZ
1003121,K000155,2026-04-29 00:00:00,2208.7,CZK,Other,Withdrawal,CZ
1003122,K000155,2026-06-25 00:00:00,-965.69,CZK,Fuel,Refund,CZ
1003123,K000155,2026-01-25 00:00:00,535.27,CZK,Travel,Purchase,CZ
1003124,K000155,2026-02-14 00:00:00,509.28,CZK,Healthcare,Withdrawal,CZ
1003125,K000155,2026-03-03 00:00:00,9158.64,CZK,Travel,Withdrawal,CZ
1003126,K000155,2026-05-19 00:00:00,2142.86,CZK,Travel,Purchase,CZ
1003127,K000155,2026-01-14 00:00:00,851.95,CZK,Healthcare,Purchase,CZ
1003128,K000155,2026-03-25 00:00:00,3936.22,CZK,Healthcare,Purchase,CZ
1003129,K000155,2026-01-26 00:00:00,2869.48,CZK,Fuel,Purchase,CZ
1003130,K000155,2026-04-04 00:00:00,2182.58,EUR,Travel,Purchase,DE
1003131,K000155,2026-04-23 00:00:00,3304.82,CZK,Groceries,Purchase,CZ
1003132,K000155,2026-04-03 00:00:00,3176.13,CZK,Electronics,Purchase,CZ
1003133,K000155,2026-01-20 00:00:00,2238.73,CZK,Fuel,Purchase,CZ
1003134,K000155,2026-02-08 00:00:00,869.56,CZK,Groceries,Purchase,CZ
1003135,K000155,2026-03-14 00:00:00,406.7,CZK,Electronics,Purchase,CZ
1003136,K000155,2026-06-24 00:00:00,2867.65,CZK,Electronics,Purchase,CZ
1003137,K000155,2026-04-21 00:00:00,-1072.11,CZK,Restaurants,Refund,CZ
1003138,K000155,2026-01-01 00:00:00,3659.46,CZK,Fuel,Purchase,CZ
1003139,K000155,2026-04-01 00:00:00,57.24,CZK,Groceries,Purchase,CZ
1003140,K000155,2026-04-17 00:00:00,2235.23,CZK,,Withdrawal,CZ
1003141,K000155,2026-01-05 00:00:00,2657.48,CZK,Restaurants,Purchase,PL
1003142,K000155,2026-03-21 00:00:00,1586.0,CZK,Entertainment,Purchase,DE
1003143,K000155,2026-01-20 00:00:00,9156.16,CZK,Electronics,Withdrawal,CZ
1003144,K000155,2026-03-07 00:00:00,6601.27,CZK,Fuel,Withdrawal,CZ
1003145,K000155,2026-04-06 00:00:00,150.86,CZK,Groceries,Purchase,CZ
1003146,K000155,2026-04-22 00:00:00,974.24,CZK,Restaurants,Purchase,CZ
1003147,K000156,2026-03-07 00:00:00,1059.1,CZK,Fuel,Purchase,CZ
1003148,K000156,2026-05-29 00:00:00,2209.08,CZK,Restaurants,Withdrawal,CZ
1003149,K000156,2026-06-17 00:00:00,3997.66,CZK,Other,Purchase,CZ
1003150,K000156,2026-05-21 00:00:00,4462.03,CZK,Groceries,Withdrawal,CZ
1003151,K000156,2026-01-15 00:00:00,-314.95,CZK,Electronics,Refund,CZ
1003152,K000156,2026-03-17 00:00:00,7035.99,CZK,Fuel,Withdrawal,CZ
1003153,K000156,2026-06-03 00:00:00,2777.23,CZK,Travel,Withdrawal,CZ
1003154,K000156,2026-06-23 00:00:00,1064.72,CZK,Fuel,Purchase,CZ
1003155,K000156,2026-05-24 00:00:00,937.82,CZK,Travel,Purchase,CZ
1003156,K000156,2026-03-15 00:00:00,555.76,CZK,Groceries,Purchase,CZ
1003157,K000158,2026-06-21 00:00:00,1371.59,EUR,Fuel,Purchase,PL
1003158,K000158,2026-02-13 00:00:00,1049.88,CZK,Electronics,Purchase,CZ
1003159,K000158,2026-06-27 00:00:00,1043.13,CZK,,Purchase,CZ
1003160,K000158,2026-04-02 00:00:00,7034.16,CZK,Entertainment,Withdrawal,CZ
1003161,K000158,2026-05-05 00:00:00,6189.32,CZK,Other,Withdrawal,CZ
1003162,K000158,2026-04-11 00:00:00,8586.41,CZK,Fuel,Withdrawal,CZ
1003163,K000158,2028-10-03 00:00:00,882.29,CZK,Fuel,Purchase,CZ
1003164,K000158,2026-06-23 00:00:00,902.98,CZK,Healthcare,Purchase,CZ
1003165,K000158,2026-04-12 00:00:00,3898.38,CZK,Healthcare,Purchase,CZ
1003166,K000158,2026-03-16 00:00:00,2975.23,CZK,Restaurants,Purchase,CZ
1003167,K000158,2026-02-08 00:00:00,1031.55,CZK,Travel,Purchase,CZ
1003168,K000158,2026-05-12 00:00:00,876.31,CZK,Electronics,Purchase,CZ
1003169,K000158,2026-02-04 00:00:00,3927.65,CZK,Other,Purchase,CZ
1003170,K000158,2026-03-16 00:00:00,3248.24,EUR,Other,Purchase,AT
1003171,K000158,2026-02-21 00:00:00,1138.06,CZK,Healthcare,Purchase,CZ
1003172,K000158,2026-01-18 00:00:00,4198.91,CZK,Other,Withdrawal,CZ
1003173,K000158,2026-04-09 00:00:00,842.25,CZK,,Purchase,CZ
1003174,K000158,2026-04-13 00:00:00,1417.42,CZK,Groceries,Withdrawal,CZ
1003175,K000158,2026-01-29 00:00:00,2518.35,CZK,Other,Purchase,CZ
1003176,K000158,2026-02-11 00:00:00,3182.32,CZK,Restaurants,Purchase,CZ
1003177,K000158,2026-04-19 00:00:00,2049.89,CZK,Travel,Purchase,CZ
1003178,K000158,2026-01-31 00:00:00,4676.71,CZK,Other,Withdrawal,SK
1003179,K000159,2026-03-25 00:00:00,313.37,CZK,Restaurants,Purchase,CZ
1003180,K000159,2026-05-06 00:00:00,5334.47,CZK,Restaurants,Withdrawal,CZ
1003181,K000159,2026-04-14 00:00:00,2890.22,CZK,Entertainment,Purchase,CZ
1003182,K000159,2026-02-19 00:00:00,3189.46,CZK,Electronics,Purchase,CZ
1003183,K000159,2026-03-24 00:00:00,-92.51,CZK,Travel,Refund,CZ
1003184,K000159,2026-01-25 00:00:00,283.48,CZK,Other,Purchase,CZ
1003185,K000159,2026-01-12 00:00:00,1668.85,CZK,Groceries,Withdrawal,CZ
1003186,K000159,2026-06-05 00:00:00,2975.31,CZK,Entertainment,Purchase,CZ
1003187,K000159,2026-03-20 00:00:00,1106.14,CZK,Fuel,Purchase,CZ
1003188,K000159,2026-04-06 00:00:00,2406.4,CZK,Healthcare,Purchase,CZ
1003189,K000159,2026-03-24 00:00:00,-1042.02,CZK,Electronics,Refund,PL
1003190,K000159,2026-01-16 00:00:00,2798.64,CZK,Groceries,Purchase,CZ
1003191,K000159,2026-06-27 00:00:00,820.41,CZK,Restaurants,Purchase,CZ
1003192,K000159,2026-02-27 00:00:00,-357.72,CZK,Groceries,Refund,CZ
1003193,K000159,2026-02-21 00:00:00,2002.1,CZK,Groceries,Purchase,CZ
1003194,K000159,2026-02-09 00:00:00,7041.05,CZK,Entertainment,Withdrawal,CZ
1003195,K000159,2026-03-17 00:00:00,2299.41,CZK,,Purchase,CZ
1003196,K000159,2026-05-12 00:00:00,2891.19,CZK,Fuel,Purchase,CZ
1003197,K000159,2026-04-23 00:00:00,1023.97,CZK,Electronics,Purchase,CZ
1003198,K000159,2026-03-23 00:00:00,3548.87,CZK,Travel,Purchase,CZ
1003199,K000159,2026-04-30 00:00:00,2744.11,CZK,,Purchase,CZ
1003200,K000159,2026-01-28 00:00:00,811.74,CZK,Restaurants,Withdrawal,CZ
1003201,K000159,2026-01-08 00:00:00,419.71,CZK,Groceries,Purchase,CZ
1003202,K000159,2026-04-21 00:00:00,1325.74,CZK,Fuel,Purchase,CZ
1003203,K000159,2026-06-10 00:00:00,9789.45,CZK,Fuel,Withdrawal,PL
1003204,K000159,2026-04-30 00:00:00,3563.4,CZK,Groceries,Purchase,PL
1003205,K000159,2026-02-17 00:00:00,4714.03,CZK,Healthcare,Withdrawal,CZ
1003206,K000159,2026-03-27 00:00:00,520.61,CZK,Entertainment,Purchase,CZ
1003207,K000159,2026-05-08 00:00:00,-1264.64,CZK,Other,Refund,CZ
1003208,K000160,2026-03-16 00:00:00,3717.13,CZK,Healthcare,Purchase,CZ
1003209,K000160,2026-03-23 00:00:00,1626.71,CZK,,Purchase,CZ
1003210,K000161,2026-03-27 00:00:00,3211.34,CZK,Other,Purchase,CZ
1003211,K000161,2026-04-03 00:00:00,3516.1,CZK,Restaurants,Purchase,CZ
1003212,K000161,2026-02-14 00:00:00,3479.79,CZK,Groceries,Purchase,CZ
1003213,K000161,2026-06-09 00:00:00,829.57,CZK,Healthcare,Purchase,CZ
1003214,K000161,2026-04-07 00:00:00,-1618.84,CZK,Fuel,Refund,CZ
1003215,K000161,2026-02-02 00:00:00,871.7,CZK,Groceries,Withdrawal,CZ
1003216,K000161,2026-05-16 00:00:00,1186.87,CZK,Travel,Withdrawal,CZ
1003217,K000161,2026-03-19 00:00:00,-1313.37,CZK,Fuel,Refund,CZ
1003218,K000161,2026-05-12 00:00:00,-536.99,CZK,Groceries,Refund,CZ
1003219,K000161,2026-05-19 00:00:00,3418.42,CZK,Restaurants,Purchase,CZ
1003220,K000161,2026-02-19 00:00:00,3729.2,CZK,Restaurants,Withdrawal,CZ
1003221,K000161,2026-01-13 00:00:00,-481.64,CZK,Healthcare,Refund,CZ
1003222,K000161,2026-06-01 00:00:00,467.36,CZK,Healthcare,Purchase,CZ
1003223,K000161,2026-05-26 00:00:00,9627.62,EUR,Travel,Withdrawal,PL
1003224,K000161,2026-03-08 00:00:00,2757.42,CZK,Electronics,Purchase,CZ
1003225,K000161,2026-02-10 00:00:00,6407.99,CZK,Travel,Withdrawal,CZ
1003226,K000162,2026-06-03 00:00:00,3454.82,CZK,Restaurants,Purchase,CZ
1003227,K000162,2026-03-08 00:00:00,-740.21,CZK,Healthcare,Refund,CZ
1003228,K000162,2026-05-06 00:00:00,1177.37,CZK,Groceries,Purchase,CZ
1003229,K000162,2026-05-09 00:00:00,2614.52,CZK,Healthcare,Purchase,CZ
1003230,K000162,2026-05-25 00:00:00,7804.2,EUR,,Withdrawal,AT
1003231,K000162,2026-04-09 00:00:00,440.01,CZK,Entertainment,Purchase,CZ
1003232,K000162,2026-04-03 00:00:00,518.35,CZK,Electronics,Purchase,CZ
1003233,K000162,2026-03-21 00:00:00,2552.28,CZK,Other,Purchase,CZ
1003234,K000162,2026-04-01 00:00:00,2378.57,CZK,Entertainment,Purchase,CZ
1003235,K000162,2026-02-20 00:00:00,-858.83,CZK,Fuel,Refund,CZ
1003236,K000162,2026-04-17 00:00:00,4965.1,CZK,Electronics,Withdrawal,CZ
1003237,K000162,2026-06-05 00:00:00,1907.68,CZK,Groceries,Purchase,CZ
1003238,K000162,2026-02-04 00:00:00,5222.77,CZK,,Withdrawal,CZ
1003239,K000162,2026-03-17 00:00:00,3008.16,CZK,Travel,Purchase,CZ
1003240,K000162,2026-04-04 00:00:00,-1685.93,CZK,Restaurants,Refund,CZ
1003241,K000162,2026-02-25 00:00:00,1675.11,EUR,Healthcare,Withdrawal,SK
1003242,K000162,2026-04-19 00:00:00,4971.6,CZK,Groceries,Withdrawal,CZ
1003243,K000162,2026-01-25 00:00:00,56.07,CZK,Other,Purchase,CZ
1003244,K000162,2026-02-14 00:00:00,2207.72,CZK,Entertainment,Purchase,CZ
1003245,K000162,2026-02-18 00:00:00,2386.32,CZK,Travel,Purchase,CZ
1003246,K000162,2026-05-07 00:00:00,1851.94,CZK,Groceries,Purchase,CZ
1003247,K000162,2026-01-28 00:00:00,1409.89,CZK,Travel,Purchase,CZ
1003248,K000162,2026-04-21 00:00:00,2148.42,CZK,Other,Purchase,CZ
1003249,K000162,2026-05-10 00:00:00,7702.14,EUR,Entertainment,Withdrawal,DE
1003250,K000162,2026-06-19 00:00:00,3023.62,CZK,Electronics,Purchase,CZ
1003251,K000163,2026-05-15 00:00:00,265.55,CZK,Travel,Purchase,CZ
1003252,K000164,2026-06-20 00:00:00,-852.44,CZK,Restaurants,Refund,CZ
1003253,K000164,2026-05-26 00:00:00,1686.35,CZK,Entertainment,Purchase,CZ
1003254,K000164,2026-03-16 00:00:00,1783.14,CZK,Entertainment,Withdrawal,CZ
1003255,K000164,2026-02-14 00:00:00,2539.94,CZK,Electronics,Purchase,CZ
1003256,K000164,2026-05-27 00:00:00,2045.47,CZK,Entertainment,Purchase,CZ
1003257,K000164,2026-05-25 00:00:00,2302.26,CZK,Fuel,Purchase,CZ
1003258,K000164,2026-02-04 00:00:00,1671.59,CZK,Travel,Withdrawal,CZ
1003259,K000164,2026-04-15 00:00:00,1312.96,CZK,Entertainment,Purchase,CZ
1003260,K000164,2026-05-30 00:00:00,437.71,CZK,Groceries,Purchase,CZ
1003261,K000164,2026-01-03 00:00:00,1444.5,CZK,Travel,Purchase,CZ
1003262,K000164,2026-02-14 00:00:00,3283.48,CZK,Healthcare,Withdrawal,CZ
1003263,K000164,2026-06-18 00:00:00,2384.56,CZK,Restaurants,Withdrawal,CZ
1003264,K000164,2026-05-31 00:00:00,761.16,CZK,Electronics,Purchase,CZ
1003265,K000164,2026-03-02 00:00:00,1523.9,CZK,Other,Purchase,CZ
1003266,K000164,2026-02-03 00:00:00,5554.31,CZK,Restaurants,Withdrawal,CZ
1003267,K000164,2026-06-15 00:00:00,53.99,CZK,Fuel,Purchase,CZ
1003268,K000164,2026-01-08 00:00:00,2326.86,CZK,Healthcare,Purchase,CZ
1003269,K000164,2026-04-16 00:00:00,3093.02,CZK,Restaurants,Withdrawal,CZ
1003270,K000164,2026-02-13 00:00:00,1721.62,CZK,Groceries,Purchase,CZ
1003271,K000164,2026-03-31 00:00:00,-1838.45,CZK,Entertainment,Refund,CZ
1003272,K000164,2026-04-25 00:00:00,91.55,CZK,Groceries,Purchase,CZ
1003273,K000164,2026-02-15 00:00:00,1225.26,CZK,Healthcare,Purchase,CZ
1003274,K000164,2026-01-19 00:00:00,2457.1,CZK,Healthcare,Purchase,CZ
1003275,K000164,2026-03-02 00:00:00,3449.5,CZK,Travel,Purchase,CZ
1003276,K000164,2026-05-29 00:00:00,2440.36,CZK,Healthcare,Purchase,CZ
1003277,K000164,2026-01-05 00:00:00,623.12,CZK,Groceries,Purchase,CZ
1003278,K000164,2026-01-20 00:00:00,1876.17,CZK,Groceries,Purchase,CZ
1003279,K000164,2026-05-09 00:00:00,3957.48,CZK,Other,Withdrawal,CZ
1003280,K000164,2026-06-21 00:00:00,3727.49,CZK,Fuel,Purchase,CZ
1003281,K000164,2026-06-02 00:00:00,1790.63,CZK,Entertainment,Purchase,CZ
1003282,K000164,2026-06-01 00:00:00,402.23,CZK,Healthcare,Purchase,CZ
1003283,K000165,2026-03-25 00:00:00,3297.26,CZK,Fuel,Purchase,CZ
1003284,K000165,2026-02-25 00:00:00,2061.79,CZK,Healthcare,Purchase,CZ
1003285,K000165,2026-01-17 00:00:00,2166.19,CZK,Restaurants,Purchase,CZ
1003286,K000165,2026-06-05 00:00:00,2520.35,CZK,Entertainment,Purchase,CZ
1003287,K000165,2026-01-22 00:00:00,-760.95,CZK,Electronics,Refund,CZ
1003288,K000165,2026-04-03 00:00:00,1986.47,CZK,Healthcare,Purchase,CZ
1003289,K000165,2026-06-20 00:00:00,3485.59,CZK,Electronics,Purchase,CZ
1003290,K000165,2026-02-06 00:00:00,2016.52,CZK,Entertainment,Purchase,CZ
1003291,K000165,2026-06-03 00:00:00,668.76,CZK,Other,Purchase,CZ
1003292,K000165,2026-03-12 00:00:00,646.02,EUR,Groceries,Purchase,SK
1003293,K000165,2026-06-25 00:00:00,2182.38,CZK,Entertainment,Purchase,CZ
1003294,K000166,2026-05-19 00:00:00,-91.62,CZK,Healthcare,Purchase,CZ
1003295,K000166,2026-05-06 00:00:00,2373.67,CZK,Healthcare,Purchase,CZ
1003296,K000166,2026-04-09 00:00:00,2801.25,CZK,Other,Withdrawal,CZ
1003297,K000166,2026-05-27 00:00:00,1944.07,CZK,Healthcare,Purchase,DE
1003298,K000166,2026-06-07 00:00:00,1965.45,CZK,Other,Purchase,CZ
1003299,K000166,2026-03-22 00:00:00,-2421.13,CZK,Groceries,Purchase,CZ
1003300,K000166,2026-02-03 00:00:00,3641.11,CZK,Restaurants,Purchase,CZ
1003301,K000166,2026-05-31 00:00:00,-848.9,CZK,Entertainment,Refund,CZ
1003302,K000166,2026-06-05 00:00:00,5104.55,CZK,Entertainment,Withdrawal,CZ
1003303,K000166,2026-04-23 00:00:00,1829.08,EUR,Entertainment,Purchase,AT
1003304,K000166,2026-01-30 00:00:00,2164.12,CZK,Healthcare,Purchase,CZ
1003305,K000166,2026-04-22 00:00:00,1388.84,CZK,Travel,Purchase,CZ
1003306,K000166,2026-06-13 00:00:00,1132.95,CZK,Restaurants,Purchase,CZ
1003307,K000166,2026-06-08 00:00:00,8409.76,CZK,Electronics,Withdrawal,CZ
1003308,K000166,2026-02-17 00:00:00,9222.37,CZK,,Withdrawal,CZ
1003309,K000166,2026-01-30 00:00:00,1489.07,CZK,Restaurants,Purchase,CZ
1003310,K000166,2026-03-12 00:00:00,546.46,CZK,Restaurants,Purchase,DE
1003311,K000166,2026-03-05 00:00:00,3694.23,CZK,Electronics,Withdrawal,CZ
1003312,K000166,2026-04-05 00:00:00,3632.04,CZK,Healthcare,Purchase,DE
1003313,K000166,2026-01-31 00:00:00,1985.84,CZK,Other,Purchase,CZ
1003314,K000166,2026-05-22 00:00:00,9850.2,CZK,Electronics,Withdrawal,CZ
1003315,K000166,2026-05-01 00:00:00,2086.11,CZK,Healthcare,Purchase,CZ
1003316,K000166,2026-05-26 00:00:00,-1031.33,CZK,Groceries,Refund,CZ
1003317,K000166,2026-01-15 00:00:00,-1340.43,CZK,Healthcare,Refund,CZ
1003318,K000166,2026-06-06 00:00:00,1793.7,CZK,Fuel,Purchase,CZ
1003319,K000166,2026-02-07 00:00:00,1573.95,CZK,Restaurants,Purchase,CZ
1003320,K000167,2026-05-08 00:00:00,853.02,CZK,Other,Purchase,CZ
1003321,K000167,2026-06-13 00:00:00,6107.95,CZK,Groceries,Withdrawal,AT
1003322,K000167,2026-05-07 00:00:00,7061.48,CZK,Healthcare,Withdrawal,CZ
1003323,K000167,2026-06-10 00:00:00,3488.19,CZK,Other,Purchase,CZ
1003324,K000167,2026-01-07 00:00:00,229.5,CZK,Restaurants,Purchase,CZ
1003325,K000167,2026-05-17 00:00:00,2233.52,CZK,Fuel,Purchase,CZ
1003326,K000167,2026-05-14 00:00:00,3266.18,CZK,Fuel,Purchase,CZ
1003327,K000167,2026-02-27 00:00:00,3489.64,CZK,Groceries,Purchase,CZ
1003328,K000167,2026-05-16 00:00:00,2259.11,CZK,Healthcare,Purchase,CZ
1003329,K000167,2026-05-13 00:00:00,2166.13,EUR,Groceries,Purchase,PL
1003330,K000167,2026-04-06 00:00:00,1011.88,CZK,Travel,Purchase,CZ
1003331,K000167,2026-01-01 00:00:00,6856.34,CZK,Fuel,Withdrawal,CZ
1003332,K000167,2026-01-04 00:00:00,3309.07,CZK,Restaurants,Purchase,CZ
1003333,K000167,2026-05-19 00:00:00,647.43,CZK,Entertainment,Purchase,CZ
1003334,K000167,2026-06-11 00:00:00,1188.11,CZK,Restaurants,Purchase,CZ
1003335,K000167,2026-04-30 00:00:00,1546.95,CZK,Restaurants,Purchase,CZ
1003336,K000167,2026-06-12 00:00:00,-224.2,CZK,,Refund,CZ
1003337,K000167,2026-06-19 00:00:00,3493.14,CZK,Groceries,Purchase,DE
1003338,K000167,2026-06-10 00:00:00,5921.45,CZK,Healthcare,Withdrawal,CZ
1003339,K000167,2026-03-20 00:00:00,1425.72,EUR,Groceries,Purchase,DE
1003340,K000167,2026-02-24 00:00:00,603.41,CZK,Restaurants,Purchase,CZ
1003341,K000167,2026-05-15 00:00:00,3064.55,CZK,Fuel,Purchase,CZ
1003342,K000167,2026-06-15 00:00:00,3327.72,CZK,Groceries,Purchase,CZ
1003343,K000167,2026-01-09 00:00:00,3795.06,CZK,Healthcare,Purchase,CZ
1003344,K000167,2026-02-12 00:00:00,2322.65,CZK,Other,Purchase,CZ
1003345,K000167,2026-05-08 00:00:00,507.04,CZK,Restaurants,Purchase,CZ
1003346,K000167,2026-01-05 00:00:00,1549.92,CZK,Restaurants,Purchase,CZ
1003347,K000167,2026-01-26 00:00:00,1664.97,CZK,Electronics,Purchase,CZ
1003348,K000167,2026-03-31 00:00:00,1639.62,CZK,Fuel,Purchase,CZ
1003349,K000167,2026-05-30 00:00:00,6569.32,CZK,Entertainment,Withdrawal,CZ
1003350,K000167,2026-01-16 00:00:00,3145.39,CZK,Electronics,Purchase,CZ
1003351,K000167,2026-03-28 00:00:00,3580.53,CZK,Restaurants,Purchase,CZ
1003352,K000168,2026-04-25 00:00:00,3400.25,CZK,Fuel,Purchase,CZ
1003353,K000168,2026-03-14 00:00:00,2549.85,CZK,Travel,Purchase,CZ
1003354,K000168,2026-04-05 00:00:00,2314.76,CZK,Other,Purchase,CZ
1003355,K000168,2026-03-07 00:00:00,1782.85,CZK,Electronics,Withdrawal,CZ
1003356,K000168,2026-06-02 00:00:00,3468.35,CZK,Healthcare,Withdrawal,CZ
1003357,K000168,2026-05-05 00:00:00,1774.41,CZK,Groceries,Purchase,CZ
1003358,K000168,2026-04-22 00:00:00,661.94,CZK,Electronics,Purchase,CZ
1003359,K000168,2026-04-21 00:00:00,1060.53,CZK,Entertainment,Purchase,CZ
1003360,K000168,2026-01-03 00:00:00,573.47,CZK,Fuel,Purchase,CZ
1003361,K000168,2026-03-28 00:00:00,-1031.47,CZK,Fuel,Refund,CZ
1003362,K000168,2026-04-23 00:00:00,793.18,CZK,Fuel,Purchase,CZ
1003363,K000168,2026-02-24 00:00:00,3142.91,CZK,Other,Purchase,CZ
1003364,K000168,2026-02-09 00:00:00,2897.95,EUR,Entertainment,Purchase,SK
1003365,K000168,2026-04-09 00:00:00,1858.33,CZK,Travel,Purchase,CZ
1003366,K000168,2026-06-06 00:00:00,1981.49,CZK,Healthcare,Purchase,CZ
1003367,K000168,2026-03-08 00:00:00,2762.64,CZK,Other,Purchase,CZ
1003368,K000168,2026-02-23 00:00:00,537.6,CZK,Restaurants,Purchase,CZ
1003369,K000168,2026-06-02 00:00:00,3664.8,CZK,Electronics,Purchase,CZ
1003370,K000168,2026-06-17 00:00:00,3553.8,CZK,,Purchase,CZ
1003371,K000168,2026-03-13 00:00:00,1722.33,CZK,Electronics,Purchase,CZ
1003372,K000168,2026-06-27 00:00:00,816.09,CZK,Electronics,Purchase,CZ
1003373,K000169,2026-01-25 00:00:00,392.02,CZK,Groceries,Purchase,CZ
1003374,K000169,2026-04-20 00:00:00,2738.96,CZK,Healthcare,Withdrawal,CZ
1003375,K000169,2026-02-06 00:00:00,3248.47,CZK,Fuel,Purchase,CZ
1003376,K000169,2026-03-28 00:00:00,2800.43,EUR,Restaurants,Purchase,DE
1003377,K000169,2026-01-12 00:00:00,1191.91,EUR,Other,Purchase,SK
1003378,K000169,2026-02-04 00:00:00,2279.11,CZK,Fuel,Purchase,CZ
1003379,K000169,2026-04-19 00:00:00,-146.75,CZK,Restaurants,Refund,CZ
1003380,K000169,2026-05-23 00:00:00,3817.58,CZK,Other,Purchase,CZ
1003381,K000169,2026-03-13 00:00:00,89.55,CZK,Groceries,Purchase,CZ
1003382,K000169,2026-06-20 00:00:00,5082.57,CZK,Travel,Withdrawal,CZ
1003383,K000169,2026-05-12 00:00:00,2117.57,CZK,Fuel,Purchase,CZ
1003384,K000169,2026-02-13 00:00:00,1354.19,CZK,Electronics,Purchase,CZ
1003385,K000169,2026-05-28 00:00:00,3094.88,CZK,Electronics,Purchase,CZ
1003386,K000169,2026-03-17 00:00:00,977.16,CZK,Travel,Purchase,CZ
1003387,K000169,2026-03-10 00:00:00,3265.26,CZK,Travel,Purchase,CZ
1003388,K000169,2026-02-25 00:00:00,2116.8,CZK,Entertainment,Purchase,CZ
1003389,K000169,2026-03-13 00:00:00,1475.44,CZK,Other,Purchase,SK
1003390,K000169,2026-01-30 00:00:00,3521.31,CZK,Groceries,Purchase,CZ
1003391,K000169,2026-02-23 00:00:00,6896.63,CZK,Restaurants,Withdrawal,CZ
1003392,K000169,2026-03-21 00:00:00,6933.19,CZK,Entertainment,Withdrawal,CZ
1003393,K000169,2026-04-22 00:00:00,4140.56,CZK,Healthcare,Withdrawal,CZ
1003394,K000169,2026-02-03 00:00:00,-500.65,CZK,Fuel,Refund,CZ
1003395,K000169,2026-01-02 00:00:00,528.25,CZK,Other,Purchase,AT
1003396,K000169,2026-03-27 00:00:00,1479.82,CZK,Groceries,Purchase,CZ
1003397,K000169,2026-03-27 00:00:00,2711.13,CZK,Electronics,Withdrawal,CZ
1003398,K000169,2026-04-05 00:00:00,1477.97,CZK,Groceries,Purchase,CZ
1003399,K000169,2026-02-17 00:00:00,3977.28,CZK,Healthcare,Purchase,CZ
1003400,K000169,2026-03-17 00:00:00,3540.3,CZK,Travel,Purchase,CZ
1003401,K000169,2026-04-05 00:00:00,647.08,CZK,Other,Purchase,CZ
1003402,K000169,2026-06-23 00:00:00,-666.02,CZK,Restaurants,Refund,CZ
1003403,K000169,2026-05-22 00:00:00,-668.63,CZK,Travel,Refund,CZ
1003404,K000169,2026-03-09 00:00:00,5257.14,CZK,Healthcare,Withdrawal,CZ
1003405,K000169,2026-01-20 00:00:00,-966.43,CZK,Restaurants,Refund,CZ
1003406,K000169,2026-01-01 00:00:00,3623.55,CZK,Entertainment,Purchase,CZ
1003407,K000169,2026-01-02 00:00:00,6670.53,CZK,Healthcare,Withdrawal,CZ
1003408,K000169,2026-01-23 00:00:00,2618.49,CZK,Fuel,Purchase,CZ
1003409,K000169,2026-05-17 00:00:00,2113.27,CZK,Fuel,Purchase,CZ
1003410,K000169,2026-03-04 00:00:00,3822.32,CZK,,Purchase,CZ
1003411,K000169,2026-01-17 00:00:00,-617.0,CZK,Groceries,Refund,CZ
1003412,K000170,2026-05-22 00:00:00,1713.53,CZK,Fuel,Purchase,CZ
1003413,K000170,2026-06-19 00:00:00,3994.34,EUR,Healthcare,Purchase,DE
1003414,K000170,2026-05-16 00:00:00,-171.77,CZK,Travel,Refund,CZ
1003415,K000170,2026-01-19 00:00:00,1631.31,CZK,Entertainment,Purchase,CZ
1003416,K000170,2026-03-28 00:00:00,2773.31,CZK,Other,Purchase,CZ
1003417,K000170,2026-03-07 00:00:00,-242.17,CZK,Entertainment,Refund,CZ
1003418,K000170,2026-01-09 00:00:00,429.71,EUR,Restaurants,Purchase,AT
1003419,K000170,2026-03-03 00:00:00,3788.59,CZK,Groceries,Purchase,CZ
1003420,K000170,2026-05-18 00:00:00,1318.86,CZK,Electronics,Purchase,AT
1003421,K000170,2026-06-22 00:00:00,-1295.52,CZK,Electronics,Refund,CZ
1003422,K000170,2026-02-27 00:00:00,8637.24,CZK,Other,Withdrawal,CZ
1003423,K000170,2026-06-20 00:00:00,3352.6,CZK,Other,Purchase,CZ
1003424,K000170,2026-03-23 00:00:00,2275.86,CZK,Restaurants,Purchase,CZ
1003425,K000170,2026-06-09 00:00:00,1111.23,CZK,Fuel,Purchase,CZ
1003426,K000170,2026-03-25 00:00:00,1432.9,CZK,Restaurants,Purchase,CZ
1003427,K000170,2026-04-25 00:00:00,1617.08,CZK,Fuel,Purchase,CZ
1003428,K000170,2026-04-20 00:00:00,3454.25,CZK,Healthcare,Purchase,CZ
1003429,K000170,2026-05-05 00:00:00,746.33,CZK,Groceries,Withdrawal,CZ
1003430,K000170,2026-02-21 00:00:00,2687.58,CZK,Entertainment,Purchase,CZ
1003431,K000170,2026-05-22 00:00:00,2491.84,CZK,Healthcare,Withdrawal,CZ
1003432,K000170,2028-08-19 00:00:00,2534.8,CZK,Healthcare,Withdrawal,CZ
1003433,K000170,2026-02-14 00:00:00,-559.35,CZK,Other,Refund,CZ
1003434,K000170,2026-05-07 00:00:00,1993.0,EUR,Fuel,Purchase,SK
1003435,K000170,2026-02-08 00:00:00,1785.18,CZK,Restaurants,Purchase,CZ
1003436,K000170,2026-05-11 00:00:00,3231.14,EUR,Entertainment,Withdrawal,DE
1003437,K000170,2026-02-27 00:00:00,3076.04,CZK,Other,Purchase,CZ
1003438,K000170,2026-06-05 00:00:00,769.43,CZK,Other,Purchase,CZ
1003439,K000170,2026-05-14 00:00:00,-1580.51,CZK,Restaurants,Refund,CZ
1003440,K000170,2026-01-27 00:00:00,995.55,CZK,Other,Purchase,CZ
1003441,K000170,2026-04-06 00:00:00,3898.67,CZK,Travel,Purchase,CZ
1003442,K000170,2026-01-27 00:00:00,1697.97,CZK,Groceries,Withdrawal,CZ
1003443,K000170,2026-03-05 00:00:00,8671.01,CZK,Travel,Withdrawal,CZ
1003444,K000170,2026-01-27 00:00:00,-1951.14,CZK,Electronics,Refund,CZ
1003445,K000171,2026-02-01 00:00:00,3272.24,CZK,Healthcare,Purchase,CZ
1003446,K000172,2026-01-02 00:00:00,1813.17,EUR,Restaurants,Purchase,AT
1003447,K000172,2026-06-03 00:00:00,-2840.35,CZK,Travel,Withdrawal,PL
1003448,K000172,2026-05-20 00:00:00,4731.18,CZK,Healthcare,Withdrawal,CZ
1003449,K000172,2026-04-04 00:00:00,1978.7,EUR,,Purchase,AT
1003450,K000172,2026-06-16 00:00:00,9213.58,CZK,Restaurants,Withdrawal,CZ
1003451,K000172,2026-01-08 00:00:00,2996.83,CZK,Fuel,Purchase,CZ
1003452,K000172,2026-05-17 00:00:00,2235.67,CZK,Other,Purchase,CZ
1003453,K000172,2026-02-26 00:00:00,3092.07,CZK,Electronics,Purchase,CZ
1003454,K000172,2026-01-09 00:00:00,1693.57,CZK,Healthcare,Purchase,CZ
1003455,K000172,2026-03-01 00:00:00,1156.34,EUR,Restaurants,Withdrawal,AT
1003456,K000172,2026-02-26 00:00:00,2919.27,CZK,Groceries,Purchase,CZ
1003457,K000172,2026-05-07 00:00:00,3107.13,CZK,Electronics,Purchase,CZ
1003458,K000172,2026-01-25 00:00:00,9013.48,CZK,Fuel,Withdrawal,CZ
1003459,K000172,2026-02-06 00:00:00,4763.28,CZK,Healthcare,Withdrawal,CZ
1003460,K000172,2026-05-03 00:00:00,9249.33,CZK,Entertainment,Withdrawal,CZ
1003461,K000172,2026-05-28 00:00:00,2579.01,CZK,Restaurants,Withdrawal,CZ
1003462,K000172,2026-04-26 00:00:00,824.96,CZK,Groceries,Withdrawal,CZ
1003463,K000172,2026-03-22 00:00:00,-242.5,CZK,Healthcare,Refund,CZ
1003464,K000172,2026-03-09 00:00:00,2830.97,CZK,Restaurants,Purchase,CZ
1003465,K000172,2026-04-25 00:00:00,3880.44,EUR,Entertainment,Purchase,AT
1003466,K000172,2026-04-18 00:00:00,2277.71,CZK,Healthcare,Purchase,CZ
1003467,K000172,2026-03-22 00:00:00,189.97,CZK,Travel,Purchase,CZ
1003468,K000172,2026-01-21 00:00:00,2535.13,CZK,Groceries,Purchase,CZ
1003469,K000172,2026-03-07 00:00:00,-2100.63,CZK,Groceries,Purchase,CZ
1003470,K000172,2026-01-10 00:00:00,3404.56,CZK,Electronics,Purchase,CZ
1003471,K000172,2026-05-18 00:00:00,124.76,CZK,Fuel,Purchase,CZ
1003472,K000172,2026-04-12 00:00:00,289.05,CZK,Other,Purchase,CZ
1003473,K000172,2026-01-21 00:00:00,2686.97,CZK,Entertainment,Purchase,CZ
1003474,K000172,2026-06-18 00:00:00,1504.14,CZK,,Purchase,CZ
1003475,K000172,2026-03-28 00:00:00,8577.96,CZK,Healthcare,Withdrawal,CZ
1003476,K000172,2026-05-04 00:00:00,-1339.54,CZK,Restaurants,Refund,CZ
1003477,K000172,2026-06-26 00:00:00,1027.64,CZK,Groceries,Purchase,CZ
1003478,K000172,2026-03-20 00:00:00,3686.49,CZK,Travel,Purchase,CZ
1003479,K000172,2026-06-14 00:00:00,2887.3,CZK,Electronics,Withdrawal,CZ
1003480,K000172,2026-01-18 00:00:00,8707.49,CZK,Travel,Withdrawal,CZ
1003481,K000172,2026-06-02 00:00:00,2882.31,EUR,Travel,Purchase,AT
1003482,K000172,2026-01-06 00:00:00,1392.04,CZK,Healthcare,Purchase,CZ
1003483,K000172,2026-05-29 00:00:00,2978.73,CZK,Groceries,Purchase,CZ
